ROIs.shape=(1, 32, 4)
 ROIs=[[[ 0  8 36 28]
  [31  5  4  5]
  [ 2  6  4  4]
  [ 5  0  5  3]
  [33 22  3  4]
  [ 0  0 25 35]
  [ 0 18 36 18]
  [ 4 26  4  4]
  [ 0  0 36 19]
  [ 0 14  4  4]
  [ 0 27  4  4]
  [33 23  3  4]
  [25 25  4  4]
  [ 0  0 36 31]
  [ 0  0  2  3]
  [20 18  4  4]
  [12 21  4  4]
  [24 24  4  4]
  [18  0 18 36]
  [ 1  6  4  4]
  [14  3  4  4]
  [11 22  4  4]
  [ 2  7  4  4]
  [ 1 15  4  4]
  [18 18  4  5]
  [19 17  5  4]
  [ 5 25  4  4]
  [ 1 34  4  2]
  [32  4  4  4]
  [26  0  5  2]
  [22  5  4  4]
  [29 13  4  4]]] 
P_cls.shape=(1, 32, 2)
 P_cls=[[[  1.72382995e-14   1.00000000e+00]
  [  5.88951139e-07   9.99999404e-01]
  [  1.95999578e-01   8.04000437e-01]
  [  2.77215056e-02   9.72278535e-01]
  [  9.99999881e-01   1.29035371e-07]
  [  8.32322763e-13   1.00000000e+00]
  [  1.40796273e-23   1.00000000e+00]
  [  9.99972224e-01   2.77359322e-05]
  [  7.22076562e-19   1.00000000e+00]
  [  3.92086233e-12   1.00000000e+00]
  [  1.47225432e-08   1.00000000e+00]
  [  9.99999762e-01   2.78013943e-07]
  [  9.99617219e-01   3.82721249e-04]
  [  1.00533239e-14   1.00000000e+00]
  [  9.43489850e-01   5.65101393e-02]
  [  9.64215025e-04   9.99035835e-01]
  [  1.57339155e-08   1.00000000e+00]
  [  8.77239199e-06   9.99991179e-01]
  [  3.89641322e-14   1.00000000e+00]
  [  5.78038239e-32   1.00000000e+00]
  [  9.99999285e-01   6.88014609e-07]
  [  1.84441217e-06   9.99998212e-01]
  [  5.07289469e-01   4.92710501e-01]
  [  9.99496460e-01   5.03506628e-04]
  [  4.07521810e-07   9.99999642e-01]
  [  1.02009581e-13   1.00000000e+00]
  [  9.98903155e-01   1.09685119e-03]
  [  9.76134241e-01   2.38657575e-02]
  [  9.99870062e-01   1.29864275e-04]
  [  9.86972630e-01   1.30273793e-02]
  [  1.78149913e-03   9.98218477e-01]
  [  1.95560942e-19   1.00000000e+00]]]
P_regr.shape=(1, 32, 4)
 P_regr=[[[  5.81267476e-01   2.69218177e-01   3.98977220e-01   8.11307073e-01]
  [  2.01188827e+00  -2.92066455e-01   7.66412541e-02  -2.82825410e-01]
  [  1.03570211e+00   1.18521464e+00   9.32324648e-01   8.67488921e-01]
  [  8.64471197e-01  -5.28646767e-01  -2.26103470e-01  -8.19015503e-01]
  [  1.35679901e+00   1.01261497e+00  -1.71322966e+00   9.55170512e-01]
  [  1.31156921e-01   4.70727175e-01  -4.26974475e-01   8.93219829e-01]
  [  8.54592502e-01   8.55699718e-01  -6.93266749e-01   1.22249520e+00]
  [  2.04203343e+00   4.10209037e-03  -2.89305523e-02   5.75637852e-04]
  [ -6.21560775e-02   7.03552723e-01   5.14698684e-01   1.84916103e+00]
  [  9.04294133e-01   2.12945199e+00   7.96129823e-01   9.32148457e-01]
  [ -1.07368231e-01  -1.25720990e+00  -1.86570033e-01  -3.80382597e-01]
  [  1.33223510e+00  -1.03391993e+00  -1.63571060e+00   9.68348622e-01]
  [ -6.65350538e-03  -3.42876930e-03   1.15939304e-02   6.09107874e-03]
  [  2.24436019e-02   2.53932565e-01  -2.93420758e-02   2.49995017e+00]
  [ -2.21162545e-03  -1.19032347e+00  -1.79605335e-02  -1.36665535e+00]
  [  6.60259426e-01   1.02016985e+00   6.73864484e-01   4.29717936e-02]
  [  2.74650633e-01   2.51383424e+00   1.77635327e-01   1.33591366e+00]
  [  8.74773264e-01   7.54919112e-01   5.78768663e-02   1.32431403e-01]
  [  7.67008126e-01   7.59365678e-01   3.26051384e-01  -1.33785099e-01]
  [  1.74084854e+00   2.01219940e+00  -2.41711879e+00   1.74355042e+00]
  [ -9.81724977e-01  -1.01740015e+00   9.08111870e-01   9.75832820e-01]
  [  1.28491366e+00   5.25448143e-01   8.15689936e-02   4.28187609e-01]
  [  8.27697217e-01  -9.25609648e-01   7.49853015e-01   9.22089398e-01]
  [ -1.00751829e+00   1.02280557e+00   8.94790947e-01   9.15317476e-01]
  [  1.71472001e+00   6.09033644e-01  -2.49795213e-01  -5.35234809e-01]
  [  1.00450528e+00   1.92588007e+00  -4.05029282e-02   5.41081250e-01]
  [ -1.51098799e-02   2.04885077e+00  -3.79813695e-03   4.12843563e-02]
  [  9.01188672e-01   3.27815980e-01   9.95948315e-01  -4.07344192e-01]
  [ -7.64546543e-03   2.01962876e+00   1.14927161e-02   5.36119528e-02]
  [ -5.41864991e-01  -1.18051618e-02  -6.34958923e-01   7.50123477e-03]
  [  9.08237994e-01   8.29060197e-01   7.03105628e-01   2.61717588e-01]
  [ -1.09806322e-02   2.39048982e+00   1.30715024e+00   1.16991591e+00]]]
ROIs.shape=(1, 32, 4)
 ROIs=[[[ 0 26  3  5]
  [ 0  0 17 36]
  [22  4  4  4]
  [19 19  4  4]
  [ 8  0 28 36]
  [ 1 33  4  3]
  [ 1 32  4  3]
  [ 0 24  3  5]
  [ 5 26  4  4]
  [11 32  5  4]
  [23 25  4  4]
  [10 33  4  3]
  [32 32  4  4]
  [ 7  0  4  3]
  [30 32  4  4]
  [31 33  4  3]
  [ 0  0  1  4]
  [ 0  0  3  2]
  [29 14  4  4]
  [ 0 15  4  4]
  [ 6  0  4  4]
  [ 0 26  1  5]
  [32 31  4  4]
  [25  0  5  2]
  [32 23  4  5]
  [24 25  4  4]
  [10 12  4  4]
  [ 6  0  5  2]
  [24  0  5  2]
  [12  2  4  4]
  [ 4  0  5  3]
  [ 0 25  3  5]]] 
P_cls.shape=(1, 32, 2)
 P_cls=[[[  9.96074855e-01   3.92509717e-03]
  [  3.29372600e-17   1.00000000e+00]
  [  1.85287645e-05   9.99981523e-01]
  [  8.33709463e-02   9.16629076e-01]
  [  1.37159026e-16   1.00000000e+00]
  [  1.18441051e-02   9.88155961e-01]
  [  0.00000000e+00   1.00000000e+00]
  [  3.77959668e-06   9.99996185e-01]
  [  9.99998689e-01   1.35422295e-06]
  [  9.99996066e-01   3.98062184e-06]
  [  4.33149176e-11   1.00000000e+00]
  [  9.99999762e-01   2.90272794e-07]
  [  9.93639752e-02   9.00636077e-01]
  [  9.98481214e-01   1.51880458e-03]
  [  9.98362958e-01   1.63698476e-03]
  [  9.97741461e-01   2.25859624e-03]
  [  1.08490517e-09   1.00000000e+00]
  [  9.26897228e-01   7.31027573e-02]
  [  9.99996543e-01   3.41555938e-06]
  [  9.99523997e-01   4.76011046e-04]
  [  4.68584549e-05   9.99953151e-01]
  [  9.31636821e-16   1.00000000e+00]
  [  3.51703400e-03   9.96482968e-01]
  [  9.68174875e-01   3.18251327e-02]
  [  3.80547780e-14   1.00000000e+00]
  [  9.99495506e-01   5.04420255e-04]
  [  3.40792103e-05   9.99965906e-01]
  [  9.97771800e-01   2.22819136e-03]
  [  1.34702157e-02   9.86529827e-01]
  [  8.32549263e-18   1.00000000e+00]
  [  4.84372940e-05   9.99951601e-01]
  [  9.82079983e-01   1.79200303e-02]]]
P_regr.shape=(1, 32, 4)
 P_regr=[[[ -1.49799061e+00  -8.95992100e-01  -1.81716204e+00  -9.54653382e-01]
  [  6.62921488e-01   3.91741604e-01   6.68970216e-03   9.89286780e-01]
  [  7.62951255e-01   1.35466158e+00   5.82613051e-01  -2.79233418e-02]
  [  9.84430671e-01  -2.87267733e-02   7.39085793e-01   1.70438923e-02]
  [  2.61749506e-01   7.94035017e-01  -1.98778778e-01   1.04402924e+00]
  [  7.21010268e-01   1.08003223e+00   9.73110139e-01  -1.50034904e+00]
  [  2.44254899e+00   3.15769482e+00  -5.38837194e-01   3.33808851e+00]
  [ -7.81519473e-01   6.16600394e-01  -9.75126088e-01  -1.19915807e+00]
  [  1.50928344e-03   9.93356854e-03   1.56413224e-02   6.59243995e-03]
  [ -7.97901154e-01   1.02216089e+00  -8.89571011e-01  -1.09873474e+00]
  [  1.51686192e+00   1.52695224e-01  -3.47830176e-01  -7.75047168e-02]
  [  2.01865077e+00  -6.12675585e-03  -5.73073104e-02   2.30520666e-02]
  [ -8.80235255e-01   1.03430003e-02   4.03881252e-01   2.39342246e-02]
  [ -1.09786820e+00  -1.36427009e+00   9.34415281e-01  -1.67579639e+00]
  [  9.53783393e-01  -1.64319463e-02   8.49102259e-01   4.81634773e-03]
  [ -9.76206541e-01  -1.32041943e+00   8.63843203e-01   1.16583312e+00]
  [  2.41148531e-01   1.99570656e-01  -4.25745249e-01   5.12549460e-01]
  [ -1.29815543e+00   2.32287198e-02  -1.56312859e+00   6.56274483e-02]
  [ -9.98258948e-01   1.04585814e+00   8.71471465e-01   9.39916134e-01]
  [  9.70152259e-01   9.91223216e-01   8.75673056e-01   8.90758514e-01]
  [  9.94415700e-01   5.29499948e-01   7.18138635e-01  -1.41093418e-01]
  [  3.99158031e-01  -7.79999971e-01  -5.79422638e-02  -7.50549972e-01]
  [ -7.97220021e-02   1.61356461e+00   1.56957492e-01  -2.72357643e-01]
  [  1.04545891e+00  -1.80784576e-02  -8.92322063e-01  -4.96711675e-03]
  [  2.31900620e+00  -1.58835042e+00  -1.32937980e+00   9.57352877e-01]
  [  2.01797962e+00   1.15379971e-02  -1.85832602e-03   3.65275191e-03]
  [  8.32598329e-01   1.30427313e+00   2.41113529e-01   4.15265709e-01]
  [ -7.25574493e-02   5.69793582e-03   1.36641751e-03   1.59980403e-03]
  [  1.60383308e+00  -2.01757953e-01  -5.40851414e-01   1.36356264e-01]
  [  2.81692058e-01   6.44514680e-01  -2.24541044e+00   8.27722192e-01]
  [  4.93706405e-01  -1.41378176e+00  -8.49598289e-01  -1.47713304e+00]
  [ -1.34602952e+00   8.85970712e-01  -1.61653578e+00  -9.15211260e-01]]]
ROIs.shape=(1, 32, 4)
 ROIs=[[[33 21  3  4]
  [33  3  3  5]
  [ 0  0  3  5]
  [32  3  4  4]
  [ 4 23  4  4]
  [21  6  4  4]
  [ 0 32  3  3]
  [33  0  3  3]
  [25 24  4  4]
  [ 1  0  3  4]
  [33 30  3  5]
  [ 0  0  5  3]
  [33  5  3  5]
  [ 0 33  2  3]
  [ 0 29  3  4]
  [11 12  4  4]
  [29  0  4  2]
  [11  0  5  2]
  [ 0 13  3  6]
  [ 0 26  4  4]
  [33 25  3  5]
  [ 0 17  3  4]
  [33 33  3  3]
  [33  1  3  5]
  [26  0  4  3]
  [ 0 16  4  5]
  [30  1  4  4]
  [33 23  2  5]
  [21 17  4  4]
  [ 0 25  2  4]
  [33 11  3  5]
  [33 13  3  5]]] 
P_cls.shape=(1, 32, 2)
 P_cls=[[[  1.26628225e-20   1.00000000e+00]
  [  6.91040603e-09   1.00000000e+00]
  [  3.71382624e-01   6.28617346e-01]
  [  3.24470810e-14   1.00000000e+00]
  [  1.11484544e-36   1.00000000e+00]
  [  1.43057467e-11   1.00000000e+00]
  [  7.04288212e-25   1.00000000e+00]
  [  4.89598315e-05   9.99951005e-01]
  [  9.96545136e-01   3.45485448e-03]
  [  2.11676747e-36   1.00000000e+00]
  [  6.92179647e-11   1.00000000e+00]
  [  2.25868542e-03   9.97741342e-01]
  [  1.00000000e+00   2.57688821e-08]
  [  4.35126424e-07   9.99999523e-01]
  [  5.26511950e-12   1.00000000e+00]
  [  2.38107925e-04   9.99761879e-01]
  [  9.93997091e-04   9.99005973e-01]
  [  3.69936674e-06   9.99996305e-01]
  [  5.24442252e-12   1.00000000e+00]
  [  4.07942425e-05   9.99959230e-01]
  [  0.00000000e+00   1.00000000e+00]
  [  1.71179992e-09   1.00000000e+00]
  [  5.63539751e-02   9.43646014e-01]
  [  0.00000000e+00   1.00000000e+00]
  [  9.13738549e-01   8.62613842e-02]
  [  9.99774635e-01   2.25344353e-04]
  [  3.68793201e-36   1.00000000e+00]
  [  3.06178083e-28   1.00000000e+00]
  [  3.39656830e-10   1.00000000e+00]
  [  3.32827806e-01   6.67172194e-01]
  [  1.11660216e-23   1.00000000e+00]
  [  1.87515248e-09   1.00000000e+00]]]
P_regr.shape=(1, 32, 4)
 P_regr=[[[  1.41021681e+00   3.25954103e+00  -1.68525350e+00   1.66213191e+00]
  [ -3.14895064e-01   1.85784709e+00   1.08913946e+00  -8.05265367e-01]
  [ -1.54073155e+00  -7.02844322e-01  -1.86176348e+00  -7.60590374e-01]
  [  7.02900887e-01   2.69581223e+00   1.64992601e-01   1.39394307e+00]
  [  1.60273302e+00   1.33018291e+00  -1.28915370e+00   3.10035110e+00]
  [  7.81748831e-01   3.54999214e-01  -1.27232909e+00   2.68850029e-01]
  [  7.85452247e-01   7.42248952e-01  -1.54443192e+00   1.45785332e+00]
  [  3.61311018e-01  -8.76495466e-02  -6.77679121e-01  -3.36445600e-01]
  [ -7.70040415e-03   2.02345324e+00  -7.51277781e-04  -5.76136587e-03]
  [  9.59604621e-01   3.63762546e+00  -1.02321684e-01   3.21610785e+00]
  [ -5.29179312e-02   1.46074665e+00   9.79787171e-01  -6.84415475e-02]
  [ -9.14478540e-01  -9.41756070e-01  -7.73815453e-01  -5.99539757e-01]
  [ -1.32284272e+00  -7.49677241e-01   1.13304329e+00  -8.45713913e-01]
  [  2.56162167e-01   4.87853363e-02  -1.11934590e+00  -5.63056052e-01]
  [ -5.37227035e-01  -2.32831979e+00  -1.13271832e+00   3.08250880e+00]
  [  6.61113486e-03   1.57581067e+00   1.76326364e-01   6.03046298e-01]
  [ -1.67840779e+00  -3.82274166e-02   5.12663901e-01  -9.36191604e-02]
  [  5.89338124e-01  -4.12434399e-01  -8.05882990e-01   1.88706756e-01]
  [  9.84936833e-01   9.69455242e-01   1.67168692e-01  -1.20337319e+00]
  [ -5.02479315e-01   3.60076696e-01  -4.64336932e-01  -3.05020273e-01]
  [  3.93781519e+00   1.82502401e+00  -2.18204546e+00   6.78402662e+00]
  [  1.37173843e+00  -1.03890002e+00   1.34651387e+00   4.65484023e-01]
  [ -1.48252797e+00  -1.22271860e+00   1.16166675e+00   8.89702857e-01]
  [  2.57598186e+00   2.57136297e+00  -1.12823081e+00   3.84385443e+00]
  [  2.62641609e-01  -1.21356130e+00   1.58236191e-01  -1.50325215e+00]
  [  1.00149143e+00  -1.61656666e+00   8.69626999e-01  -2.64484100e-02]
  [  1.61738420e+00   2.37488675e+00  -2.08809543e+00   2.86354017e+00]
  [  4.04821348e+00  -5.64720690e-01   1.57179201e+00   7.01239705e-01]
  [ -4.94304717e-01   1.41940546e+00   1.09838676e+00   3.18508267e-01]
  [ -6.66628927e-02   1.87395465e+00  -4.33380827e-02  -7.29787573e-02]
  [  1.34977281e+00   1.26954591e+00  -6.85615122e-01   7.12102771e-01]
  [  4.05254573e-01   6.15989447e-01  -2.42569119e-01  -1.88350946e-01]]]
ROIs.shape=(1, 32, 4)
 ROIs=[[[19 18  4  4]
  [ 8  0  5  2]
  [27  0  4  3]
  [ 1 25  3  4]
  [33 31  3  5]
  [23  5  4  4]
  [13  3  4  4]
  [ 2 33  5  3]
  [ 0 18  2  5]
  [ 3  0  4  3]
  [32  0  4  2]
  [18 16  4  4]
  [33 26  3  5]
  [ 9 11  4  4]
  [ 3 26  3  4]
  [33 10  3  5]
  [31  0  4  2]
  [32 30  4  3]
  [13  0  5  2]
  [29 32  3  4]
  [12  0  5  2]
  [31 31  4  4]
  [33  4  3  5]
  [ 3  5  4  4]
  [ 3  6  4  4]
  [22  0  5  2]
  [28  0  4  3]
  [10  0  5  2]
  [21  0  5  2]
  [32 20  3  4]
  [33  9  3  5]
  [33 27  3  5]]] 
P_cls.shape=(1, 32, 2)
 P_cls=[[[  7.92990148e-04   9.99207079e-01]
  [  7.37865548e-06   9.99992609e-01]
  [  6.37675345e-01   3.62324625e-01]
  [  0.00000000e+00   1.00000000e+00]
  [  5.04692495e-02   9.49530780e-01]
  [  5.55861567e-04   9.99444187e-01]
  [  9.99992251e-01   7.74107048e-06]
  [  2.29997910e-03   9.97700036e-01]
  [  4.49553897e-31   1.00000000e+00]
  [  0.00000000e+00   1.00000000e+00]
  [  6.20055380e-06   9.99993801e-01]
  [  1.34711631e-37   1.00000000e+00]
  [  0.00000000e+00   1.00000000e+00]
  [  2.49656794e-30   1.00000000e+00]
  [  0.00000000e+00   1.00000000e+00]
  [  1.05093640e-32   1.00000000e+00]
  [  3.48675047e-11   1.00000000e+00]
  [  2.68726690e-24   1.00000000e+00]
  [  6.27902453e-04   9.99372065e-01]
  [  2.02814290e-27   1.00000000e+00]
  [  3.30859795e-04   9.99669194e-01]
  [  1.37748371e-04   9.99862194e-01]
  [  1.00000000e+00   3.59841152e-08]
  [  7.44797900e-14   1.00000000e+00]
  [  1.97789282e-01   8.02210748e-01]
  [  8.87127094e-10   1.00000000e+00]
  [  8.79587233e-02   9.12041247e-01]
  [  2.96216350e-12   1.00000000e+00]
  [  1.73498665e-05   9.99982595e-01]
  [  0.00000000e+00   1.00000000e+00]
  [  1.24722402e-38   1.00000000e+00]
  [  3.35987117e-15   1.00000000e+00]]]
P_regr.shape=(1, 32, 4)
 P_regr=[[[ 0.65902781  1.25934827  0.4302305  -0.33461946]
  [-2.05285716 -0.192497   -0.16640145 -0.16961856]
  [-0.74547857 -1.16883802  0.46457261 -1.45709395]
  [ 2.84290099  6.29219961 -1.19257736  4.79909468]
  [-1.31292427  0.82163447  1.11033285 -0.92482579]
  [-1.06801486  0.67785442  0.9928149   0.24021843]
  [ 1.02114069 -1.01114213  0.90242195  0.88369071]
  [-1.41001987  0.91367322 -0.28127405 -1.18074656]
  [ 1.30688441 -0.31121513 -1.24626088  3.43791533]
  [ 2.74689937  3.66971135 -2.82352591  3.71467161]
  [ 0.62442744 -0.47393152 -0.54662079 -0.28618655]
  [ 0.92847788  1.90933216 -2.94719839  3.098032  ]
  [ 2.53870153  1.53341794 -1.75617325  3.57990742]
  [ 0.57240999  1.87796831 -1.79329562  1.37108767]
  [ 2.48537159  3.23464131 -3.9158473   2.66934276]
  [ 1.7749145   1.80009007 -0.97447759  1.40665984]
  [ 0.20479926 -0.35334322 -0.18194364 -0.13594018]
  [ 2.18394899  1.32149851 -0.88209075  0.94015586]
  [ 0.15600298 -0.24989283 -0.18474253  0.13456643]
  [ 2.020226    1.34179568 -1.93715525  0.7719965 ]
  [ 0.50022286 -0.31528315 -0.58744597  0.1714372 ]
  [-0.55894232  1.5262773   0.25309238 -0.02063968]
  [-1.27592289  0.80198115  1.11713123 -0.83497488]
  [ 0.22174706  2.13074756 -0.20275903  1.16534901]
  [-0.55676639  0.96201283  0.30151969  0.82171154]
  [ 0.40011868 -0.1807725  -0.03469524  0.15298983]
  [-0.79842132 -1.28930879  0.71397287 -1.58543301]
  [ 0.49995938 -0.03044229 -0.46146244  0.34326315]
  [-0.37583479 -0.24408822  0.01258823 -0.13615738]
  [ 5.79414654  6.84614277 -6.33388233  8.98223019]
  [ 1.82493639  2.23739243 -1.17571664  2.16208363]
  [ 0.86733425  1.08797657 -0.96181953  1.24429476]]]
ROIs.shape=(1, 32, 4)
 ROIs=[[[22  6  4  4]
  [33 28  3  5]
  [ 1  5  3  4]
  [ 0 17  2  5]
  [ 9  0  5  2]
  [ 0  3  2  5]
  [ 0  6  2  5]
  [19 34  4  2]
  [32  1  4  3]
  [29 33  4  3]
  [ 0  5  2  5]
  [ 0 15  3  5]
  [ 0  1  4  4]
  [33 14  3  5]
  [ 4  5  4  4]
  [15  0  5  2]
  [33  8  3  5]
  [27 13  4  4]
  [ 0 31  2  5]
  [ 0 33  4  3]
  [14  0  5  2]
  [23 33  4  3]
  [ 0 18  4  3]
  [21  1  4  3]
  [20  0  5  2]
  [11 11  4  4]
  [33 15  3  5]
  [ 0 20  1  5]
  [ 0 13  3  4]
  [ 0 19  2  5]
  [ 0  4  2  5]
  [ 0 22  2  4]]] 
P_cls.shape=(1, 32, 2)
 P_cls=[[[  9.99794781e-01   2.05213801e-04]
  [  1.16737860e-18   1.00000000e+00]
  [  0.00000000e+00   1.00000000e+00]
  [  4.87399374e-19   1.00000000e+00]
  [  9.83085298e-31   1.00000000e+00]
  [  4.72633421e-38   1.00000000e+00]
  [  1.56884749e-28   1.00000000e+00]
  [  5.06900877e-09   1.00000000e+00]
  [  1.86786443e-19   1.00000000e+00]
  [  5.22884970e-20   1.00000000e+00]
  [  1.37285467e-27   1.00000000e+00]
  [  9.99939680e-01   6.03690060e-05]
  [  1.59088766e-27   1.00000000e+00]
  [  7.05937708e-08   9.99999881e-01]
  [  6.93908260e-06   9.99993086e-01]
  [  1.37763291e-05   9.99986172e-01]
  [  0.00000000e+00   1.00000000e+00]
  [  0.00000000e+00   1.00000000e+00]
  [  7.56499030e-11   1.00000000e+00]
  [  1.01467161e-14   1.00000000e+00]
  [  1.18670789e-04   9.99881268e-01]
  [  2.73567756e-28   1.00000000e+00]
  [  5.09520387e-15   1.00000000e+00]
  [  7.44271899e-23   1.00000000e+00]
  [  1.36793610e-02   9.86320674e-01]
  [  1.44081775e-06   9.99998569e-01]
  [  1.21974737e-13   1.00000000e+00]
  [  7.68400014e-12   1.00000000e+00]
  [  2.89766741e-33   1.00000000e+00]
  [  5.68358012e-26   1.00000000e+00]
  [  2.55839326e-25   1.00000000e+00]
  [  8.34660505e-26   1.00000000e+00]]]
P_regr.shape=(1, 32, 4)
 P_regr=[[[  9.85834718e-01   1.01587415e+00   8.95592570e-01   8.90927017e-01]
  [  1.04015338e+00   1.17029655e+00  -9.95403826e-01   1.67038202e+00]
  [  3.06858826e+00   5.11312389e+00  -3.11867619e+00   3.73913431e+00]
  [  9.34030831e-01  -2.25579768e-01  -3.28705698e-01   1.27730405e+00]
  [  3.36491205e-02   2.02791882e+00  -5.06865263e-01   1.70657468e+00]
  [  1.71139073e+00   4.96932775e-01  -8.47094953e-01   2.98090410e+00]
  [  8.72511864e-01   1.25121915e+00  -1.97236598e+00   1.64579129e+00]
  [  2.77276874e-01  -2.15104550e-01  -4.08535719e-01  -4.68314767e-01]
  [  1.42880535e+00   7.02278256e-01  -1.78408146e+00   1.15286422e+00]
  [  1.23197794e+00  -8.24353099e-01  -9.85945761e-01   1.79387939e+00]
  [  8.29060674e-01   1.16258729e+00  -1.70051956e+00   1.24035096e+00]
  [  2.68218827e+00  -6.27846736e-03   2.05585146e+00  -7.44957430e-03]
  [  1.32408941e+00   2.83157736e-01  -8.63300323e-01   2.15493250e+00]
  [  2.48711422e-01  -6.07821569e-02  -7.34963790e-02  -3.42406124e-01]
  [ -1.95237645e-03   2.05284834e+00   1.21975526e-01   8.02294135e-01]
  [  2.36259863e-01  -3.64287585e-01   2.38114875e-02  -5.62123321e-02]
  [  3.05258274e+00   2.85974789e+00  -1.93979681e+00   5.01531410e+00]
  [  2.72430301e+00   5.78171015e+00  -4.85810852e+00   5.49292421e+00]
  [  3.46177667e-01  -4.14206415e-01  -8.73013556e-01   7.20243573e-01]
  [  8.60058069e-01   6.15585566e-01  -1.35730922e-01  -9.37619865e-01]
  [ -1.36233017e-01  -2.87946880e-01   6.53792992e-02   6.85006604e-02]
  [  9.03375864e-01   1.09906876e+00  -1.82011700e+00   5.59366584e-01]
  [  1.05665040e+00  -1.30353320e+00   1.07599592e+00   2.48475266e+00]
  [  3.56646180e-01   1.44161785e+00  -1.78725541e+00   2.42204571e+00]
  [ -8.10888767e-01  -1.67484820e-01  -3.95746946e-01  -4.20782417e-02]
  [ -1.46993194e-02   1.59240031e+00   1.32692680e-01   3.64695132e-01]
  [  5.44154704e-01   1.50969148e-01  -2.15040848e-01  -2.28897147e-02]
  [  1.01994336e-01   2.78437790e-02  -4.98201281e-01   4.23937261e-01]
  [  1.05414116e+00   2.02624846e+00  -1.49382448e+00   1.94006586e+00]
  [  1.04439270e+00  -1.40238732e-01  -1.10805690e+00   1.82372749e+00]
  [  9.06554163e-01   1.02073538e+00  -1.30297172e+00   4.62139726e-01]
  [  7.50421882e-01   1.93659282e+00  -1.75241470e+00   2.51292634e+00]]]
ROIs.shape=(1, 32, 4)
 ROIs=[[[17  0  5  2]
  [19  0  4  3]
  [16  0  5  2]
  [ 0  8  1  5]
  [ 4 33  4  3]
  [18  0  5  2]
  [21 34  4  2]
  [33  0  3  5]
  [25  0  4  3]
  [20 33  4  3]
  [32  0  3  3]
  [33  6  3  5]
  [19  0  5  2]
  [17 34  4  2]
  [16 34  4  2]
  [ 0 11  2  5]
  [33 24  3  4]
  [15 33  4  3]
  [27  0  5  2]
  [ 3  0  5  2]
  [ 0  7  2  5]
  [33  7  3  5]
  [ 5  0  3  3]
  [33 18  3  3]
  [26 33  4  3]
  [33 16  3  5]
  [ 3 20  4  4]
  [25 23  4  3]
  [ 0 28  2  4]
  [ 0 10  1  5]
  [ 0  9  1  5]
  [ 0 18  2  3]]] 
P_cls.shape=(1, 32, 2)
 P_cls=[[[  8.04721657e-03   9.91952717e-01]
  [  5.04545309e-02   9.49545443e-01]
  [  3.46454530e-04   9.99653578e-01]
  [  5.94070933e-25   1.00000000e+00]
  [  2.72896456e-21   1.00000000e+00]
  [  5.48167340e-02   9.45183218e-01]
  [  4.93969719e-06   9.99995112e-01]
  [  1.05952819e-14   1.00000000e+00]
  [  6.24087267e-02   9.37591314e-01]
  [  6.36380750e-17   1.00000000e+00]
  [  2.87487932e-16   1.00000000e+00]
  [  3.24223102e-08   1.00000000e+00]
  [  8.90849456e-02   9.10915077e-01]
  [  1.11943371e-16   1.00000000e+00]
  [  5.38583319e-17   1.00000000e+00]
  [  7.06485720e-20   1.00000000e+00]
  [  1.72562789e-12   1.00000000e+00]
  [  0.00000000e+00   1.00000000e+00]
  [  5.89525342e-01   4.10474718e-01]
  [  5.93986957e-33   1.00000000e+00]
  [  6.79004012e-26   1.00000000e+00]
  [  0.00000000e+00   1.00000000e+00]
  [  1.27293322e-06   9.99998689e-01]
  [  3.46357737e-30   1.00000000e+00]
  [  7.87663437e-36   1.00000000e+00]
  [  5.65709447e-22   1.00000000e+00]
  [  5.32958559e-33   1.00000000e+00]
  [  9.27847997e-18   1.00000000e+00]
  [  1.08187450e-02   9.89181221e-01]
  [  4.52955368e-16   1.00000000e+00]
  [  6.39645025e-23   1.00000000e+00]
  [  8.38769216e-24   1.00000000e+00]]]
P_regr.shape=(1, 32, 4)
 P_regr=[[[  4.75574806e-02  -3.08220059e-01   1.18771300e-01  -8.28108117e-02]
  [  2.62928724e-01  -1.12281942e+00   2.62648463e-01  -1.10942495e+00]
  [  1.95150897e-01  -3.34360510e-01  -4.58160648e-03  -1.12604380e-01]
  [  8.00368607e-01   9.25401270e-01  -9.83159006e-01   1.11431229e+00]
  [  5.44246256e-01   8.71766567e-01  -1.35449398e+00   1.49797976e-01]
  [  1.10215977e-01  -3.11581105e-01   6.22788593e-02  -1.92413433e-03]
  [ -2.09684655e-01  -1.43973559e-01   2.75011897e-01  -5.16944885e-01]
  [  7.18989134e-01   1.06974185e+00  -1.02521884e+00   1.39309263e+00]
  [  1.13080049e+00  -1.13483548e+00  -9.43060368e-02  -1.22501576e+00]
  [  7.74190903e-01   4.72823739e-01  -9.26952362e-01  -2.19691217e-01]
  [  8.16581488e-01   1.75090998e-01  -3.85856479e-01   1.65388972e-01]
  [ -1.24243259e+00  -7.75312424e-01   1.19992995e+00   3.25156093e-01]
  [ -2.38906011e-01  -2.47038096e-01  -3.64218563e-01  -2.95303930e-02]
  [  3.66939545e-01   8.14328715e-02  -7.15625286e-01  -1.86730698e-01]
  [  3.72232229e-01   2.33138159e-01  -5.85877717e-01  -1.45393595e-01]
  [  5.78787804e-01   7.29599357e-01  -1.69144845e+00   1.55980659e+00]
  [  2.01620913e+00  -3.93369287e-01  -4.28450495e-01   3.38168591e-01]
  [  1.73061204e+00   2.12443972e+00  -1.44764400e+00   8.60782683e-01]
  [ -1.53786504e+00  -6.68493565e-04  -1.33274302e-01   2.00741775e-02]
  [  2.01541257e+00   1.46308053e+00  -2.98918414e+00   1.83099198e+00]
  [  9.60657299e-01   9.30778503e-01  -1.74529254e+00   1.33781433e+00]
  [  1.59440613e+00   2.45634937e+00  -4.84560654e-02   5.71583033e+00]
  [  1.17915559e+00  -1.19638968e+00  -3.90760005e-01  -1.05878544e+00]
  [  1.32869613e+00   2.11293578e+00  -8.64244103e-01   1.57227945e+00]
  [  1.26007044e+00   1.47924519e+00  -1.76059246e+00   1.32463348e+00]
  [  9.13276196e-01   1.26089275e+00  -5.44717312e-01   9.17882621e-01]
  [  1.03798699e+00   1.65373313e+00  -1.47962677e+00   1.77616596e+00]
  [  8.32783043e-01   2.13252902e+00  -1.87661439e-01   1.23060846e+00]
  [  7.12491199e-02  -1.40374148e+00   1.24118432e-01   1.17786705e+00]
  [  3.44923675e-01   6.74965858e-01  -8.96724343e-01   5.65780997e-01]
  [  6.71697736e-01   9.97197032e-01  -9.73225892e-01   9.72437024e-01]
  [  9.56349730e-01  -5.65951884e-01  -8.49701345e-01   2.74746847e+00]]]
ROIs.shape=(1, 32, 4)
 ROIs=[[[19  1  4  3]
  [24 34  4  2]
  [ 0 24  4  4]
  [24 23  4  4]
  [14 34  4  2]
  [24  0  4  3]
  [ 7 33  4  3]
  [ 1 23  3  3]
  [18 33  4  3]
  [34 18  2  4]
  [25 34  4  2]
  [28 33  4  3]
  [13 33  4  3]
  [28 15  4  4]
  [30  5  3  4]
  [16  1  4  3]
  [ 5 34  4  2]
  [ 4  6  4  4]
  [32 25  4  3]
  [32 19  4  4]
  [ 9 33  4  3]
  [12  0  4  4]
  [ 0  0  3  1]
  [ 6 33  4  3]
  [31 34  5  2]
  [ 9  0  3  3]
  [27 33  4  3]
  [ 1  4  4  4]
  [29 29  4  4]
  [10 21  4  4]
  [ 0 29  4  3]
  [ 1 31  4  2]]] 
P_cls.shape=(1, 32, 2)
 P_cls=[[[  7.43259946e-13   1.00000000e+00]
  [  1.24489147e-21   1.00000000e+00]
  [  0.00000000e+00   1.00000000e+00]
  [  5.78213465e-21   1.00000000e+00]
  [  0.00000000e+00   1.00000000e+00]
  [  4.34270123e-06   9.99995708e-01]
  [  0.00000000e+00   1.00000000e+00]
  [  0.00000000e+00   1.00000000e+00]
  [  7.21940863e-21   1.00000000e+00]
  [  6.94163896e-23   1.00000000e+00]
  [  8.16239099e-22   1.00000000e+00]
  [  0.00000000e+00   1.00000000e+00]
  [  0.00000000e+00   1.00000000e+00]
  [  9.99995351e-01   4.65203493e-06]
  [  1.60642294e-31   1.00000000e+00]
  [  0.00000000e+00   1.00000000e+00]
  [  1.09346592e-21   1.00000000e+00]
  [  5.65465510e-01   4.34534490e-01]
  [  0.00000000e+00   1.00000000e+00]
  [  0.00000000e+00   1.00000000e+00]
  [  1.60613706e-21   1.00000000e+00]
  [  0.00000000e+00   1.00000000e+00]
  [  3.57774348e-04   9.99642253e-01]
  [  0.00000000e+00   1.00000000e+00]
  [  6.31406874e-05   9.99936819e-01]
  [  4.85277852e-23   1.00000000e+00]
  [  0.00000000e+00   1.00000000e+00]
  [  0.00000000e+00   1.00000000e+00]
  [  1.36186686e-31   1.00000000e+00]
  [  0.00000000e+00   1.00000000e+00]
  [  4.57653855e-37   1.00000000e+00]
  [  0.00000000e+00   1.00000000e+00]]]
P_regr.shape=(1, 32, 4)
 P_regr=[[[ 0.00643175  0.85588431 -0.92308098  1.82045174]
  [ 0.73839062  0.30309448 -0.7920633   0.02389238]
  [ 2.989362    3.4510994  -2.44309282  3.01082802]
  [ 0.61992717  2.13710785 -0.5505538   1.69986057]
  [ 2.75360227  2.58170509 -1.69537616  2.12629056]
  [ 1.01624942 -0.67494786  0.16257019 -0.58437765]
  [ 2.88773513  2.55813098 -2.68743014  2.96747375]
  [ 2.6276443   3.15125012 -2.19635749  3.23243523]
  [ 0.7006669   0.46209452 -1.38738334  0.30151182]
  [ 1.02607965  1.54016149 -0.78660327  1.06589448]
  [ 0.85101891  0.36447331 -0.52777147  0.09652866]
  [ 2.53726697  1.15414894 -2.04671264  2.20220137]
  [ 2.85994124  2.92886448 -2.94613147  2.53204107]
  [ 1.01479197 -0.98952603  0.90929228  0.89166754]
  [ 2.00169992  1.39047408 -2.78184986  1.51998317]
  [ 1.72066939  2.62443733 -1.43101943  1.75940287]
  [ 0.68704963  0.55280185 -0.68524343  0.3167907 ]
  [-0.21649155  1.02091753  0.08165663  0.87937534]
  [ 4.4378953   2.19376397 -2.37897825  5.80638885]
  [ 4.74724054  4.03386688 -3.92545533  5.52250004]
  [ 1.06128085  0.19799006 -1.59729385  0.78935903]
  [ 1.30865824  3.01783371 -3.52063346  3.29303288]
  [-1.56059992  0.47146896 -1.66425705  0.39061928]
  [ 1.57300162  1.57357991 -1.86479425  1.80677903]
  [-0.85023391 -1.22712708  0.28377509  1.54681849]
  [ 0.5411247   1.20778465 -0.34414628  0.47020158]
  [ 1.80105758  1.49656475 -1.87495768  1.76774359]
  [ 2.41104221  4.5477128  -2.20396662  3.80784988]
  [ 0.51489973  1.43130815 -1.62482977  2.05750442]
  [ 2.21384835  4.89157677 -4.7981801   4.98316383]
  [ 1.59628558  0.1940113  -1.6510675   4.80203915]
  [ 1.45308685  1.63702786 -0.93180007  2.47610092]]]
ROIs.shape=(1, 32, 4)
 ROIs=[[[31 20  4  3]
  [ 0 22  3  5]
  [33 21  2  4]
  [16  1  3  4]
  [ 8  0  3  4]
  [32 24  2  4]
  [23  6  4  4]
  [24  1  4  3]
  [ 0 27  3  5]
  [ 1  3  3  4]
  [ 9  9  4  3]
  [ 0  0  5  2]
  [31 31  3  3]
  [10  0  4  3]
  [12 23  4  4]
  [21  5  4  4]
  [30  0  3  3]
  [19 32  4  3]
  [ 3 19  3  3]
  [23 22  4  4]
  [ 4  4  4  4]
  [ 2 14  3  4]
  [ 9 32  4  3]
  [ 7  0  5  2]
  [ 0 12  3  4]
  [30 34  4  2]
  [ 9 29  4  3]
  [33 16  3  3]
  [33 28  3  3]
  [15  0  4  4]
  [32 15  4  3]
  [15 22  3  4]]] 
P_cls.shape=(1, 32, 2)
 P_cls=[[[  0.00000000e+00   1.00000000e+00]
  [  0.00000000e+00   1.00000000e+00]
  [  0.00000000e+00   1.00000000e+00]
  [  0.00000000e+00   1.00000000e+00]
  [  5.50642760e-25   1.00000000e+00]
  [  0.00000000e+00   1.00000000e+00]
  [  9.98406112e-01   1.59394043e-03]
  [  0.00000000e+00   1.00000000e+00]
  [  9.03728511e-03   9.90962684e-01]
  [  0.00000000e+00   1.00000000e+00]
  [  1.06337750e-24   1.00000000e+00]
  [  1.92591501e-03   9.98074055e-01]
  [  9.51146200e-17   1.00000000e+00]
  [  9.83616796e-26   1.00000000e+00]
  [  9.99999642e-01   3.71838183e-07]
  [  3.53960437e-23   1.00000000e+00]
  [  4.49922020e-08   1.00000000e+00]
  [  0.00000000e+00   1.00000000e+00]
  [  5.01760106e-25   1.00000000e+00]
  [  0.00000000e+00   1.00000000e+00]
  [  7.82560648e-12   1.00000000e+00]
  [  2.31087484e-25   1.00000000e+00]
  [  0.00000000e+00   1.00000000e+00]
  [  9.99348938e-01   6.51021197e-04]
  [  2.90898560e-26   1.00000000e+00]
  [  7.12662586e-06   9.99992847e-01]
  [  1.48682097e-31   1.00000000e+00]
  [  1.36872555e-13   1.00000000e+00]
  [  3.66190571e-14   1.00000000e+00]
  [  1.13325613e-38   1.00000000e+00]
  [  7.45654362e-27   1.00000000e+00]
  [  1.81306314e-35   1.00000000e+00]]]
P_regr.shape=(1, 32, 4)
 P_regr=[[[  4.49920797e+00   4.79231167e+00  -3.31512904e+00   5.70748758e+00]
  [  1.87058377e+00   2.57001734e+00  -2.98213005e+00   4.44668913e+00]
  [  5.04349422e+00   7.52863550e+00  -4.16614771e+00   7.18219185e+00]
  [  5.13950968e+00   5.36049223e+00  -2.98058748e+00   5.14917469e+00]
  [ -1.60032868e+00   2.92693019e+00   5.38292825e-01   1.84536052e+00]
  [  6.64254761e+00   6.61947536e+00  -3.47243142e+00   7.57781124e+00]
  [ -1.04504943e+00   1.04895306e+00   9.20312226e-01   9.22960222e-01]
  [  1.29323769e+00   2.44317150e+00  -2.31311417e+00   3.29725981e+00]
  [ -1.60066247e+00  -1.40013695e-01  -1.89133322e+00  -1.39393695e-02]
  [  6.35389376e+00   7.15327835e+00  -3.31382680e+00   7.87068462e+00]
  [  5.30755877e-01   6.20100260e-01  -9.71476316e-01   1.30784345e+00]
  [ -1.07496881e+00  -2.78581649e-01  -6.52372122e-01   5.76710939e-01]
  [  5.08020759e-01   2.71806431e+00   1.13122094e+00   1.90986300e+00]
  [  1.15905714e+00   1.07674289e+00  -1.30945396e+00   9.04962778e-01]
  [  5.40053006e-05  -9.85897660e-01   7.73793412e-03   8.96328568e-01]
  [  1.15163887e+00   1.02817798e+00  -1.38232553e+00   4.79685664e-01]
  [  1.50465131e-01   1.92594305e-01  -1.71984568e-01  -3.23747396e-01]
  [  1.52921093e+00   1.55808222e+00  -1.52520299e+00   2.43471193e+00]
  [  7.11138606e-01   6.22885168e-01  -8.81390750e-01   1.72866678e+00]
  [  1.13309169e+00   2.00748014e+00  -2.33440423e+00   3.43161678e+00]
  [  3.42510283e-01   1.90432203e+00  -4.78551388e-01   6.96019053e-01]
  [  1.59113932e+00   1.59892321e+00   1.35799921e+00   7.13240862e-01]
  [  3.29157853e+00   7.21605682e+00  -5.02728415e+00   6.01359940e+00]
  [ -1.58308864e+00   7.41204806e-03  -5.71603179e-02   1.96911357e-02]
  [  8.26301992e-01   1.25197577e+00  -1.51268005e+00   1.83208370e+00]
  [  6.16945028e-01  -1.28195751e+00   1.03181481e+00   1.46312416e+00]
  [  1.00318992e+00   1.04985368e+00  -1.19152641e+00   1.85885882e+00]
  [  6.40845656e-01   1.78844377e-01  -3.00863743e-01   2.27981642e-01]
  [  7.40817964e-01   6.75573707e-01  -8.82489979e-01   3.88029635e-01]
  [  2.38725471e+00   1.48295820e+00  -2.16691780e+00   1.84242821e+00]
  [  1.72852147e+00   6.94237471e-01  -8.60159934e-01   1.55748582e+00]
  [  9.27289188e-01   2.27820683e+00  -1.61055863e+00   2.45331001e+00]]]
ROIs.shape=(1, 32, 4)
 ROIs=[[[19 15  4  3]
  [16 17  3  4]
  [ 0  8  3  4]
  [10 31  4  3]
  [23  4  4  4]
  [22 18  3  4]
  [17  0  4  4]
  [11 15  4  3]
  [20  0  4  4]
  [23  0  4  4]
  [25 33  3  3]
  [ 1 32  3  4]
  [19 15  4  3]
  [19 15  4  3]
  [19 15  4  3]
  [19 15  4  3]
  [19 15  4  3]
  [19 15  4  3]
  [19 15  4  3]
  [19 15  4  3]
  [19 15  4  3]
  [19 15  4  3]
  [19 15  4  3]
  [19 15  4  3]
  [19 15  4  3]
  [19 15  4  3]
  [19 15  4  3]
  [19 15  4  3]
  [19 15  4  3]
  [19 15  4  3]
  [19 15  4  3]
  [19 15  4  3]]] 
P_cls.shape=(1, 32, 2)
 P_cls=[[[  3.27108739e-17   1.00000000e+00]
  [  1.18699136e-21   1.00000000e+00]
  [  4.09377097e-21   1.00000000e+00]
  [  0.00000000e+00   1.00000000e+00]
  [  8.85625632e-05   9.99911427e-01]
  [  3.10176658e-03   9.96898293e-01]
  [  3.17083671e-15   1.00000000e+00]
  [  9.95896339e-01   4.10364149e-03]
  [  1.10359331e-08   1.00000000e+00]
  [  1.42843367e-23   1.00000000e+00]
  [  2.64923954e-32   1.00000000e+00]
  [  6.19930512e-28   1.00000000e+00]
  [  3.27108739e-17   1.00000000e+00]
  [  3.27108739e-17   1.00000000e+00]
  [  3.27108739e-17   1.00000000e+00]
  [  3.27108739e-17   1.00000000e+00]
  [  3.27108739e-17   1.00000000e+00]
  [  3.27108739e-17   1.00000000e+00]
  [  3.27108739e-17   1.00000000e+00]
  [  3.27108739e-17   1.00000000e+00]
  [  3.27108739e-17   1.00000000e+00]
  [  3.27108739e-17   1.00000000e+00]
  [  3.27108739e-17   1.00000000e+00]
  [  3.27108739e-17   1.00000000e+00]
  [  3.27108739e-17   1.00000000e+00]
  [  3.27108739e-17   1.00000000e+00]
  [  3.27108739e-17   1.00000000e+00]
  [  3.27108739e-17   1.00000000e+00]
  [  3.27108739e-17   1.00000000e+00]
  [  3.27108739e-17   1.00000000e+00]
  [  3.27108739e-17   1.00000000e+00]
  [  3.27108739e-17   1.00000000e+00]]]
P_regr.shape=(1, 32, 4)
 P_regr=[[[  2.32496992e-01   9.48761463e-01  -1.51714027e+00   1.69549489e+00]
  [  5.66923618e-01   6.91711307e-01  -6.76923573e-01   6.20462060e-01]
  [  8.88209939e-01   1.15134247e-01  -1.32978439e+00   1.08456862e+00]
  [  6.46027517e+00   8.93722630e+00  -5.14031219e+00   9.82327938e+00]
  [ -8.56979847e-01   1.23397160e+00   8.21349919e-01   3.28335501e-02]
  [ -2.24483037e+00   3.31018001e-01   1.89375317e+00  -7.40859270e-01]
  [  1.29506022e-01   8.12386751e-01  -7.98067868e-01   7.82494485e-01]
  [ -1.25378580e-03  -2.65390992e+00  -2.03669686e-02   2.05778432e+00]
  [ -2.28915974e-01   4.00291324e-01  -6.72770917e-01   1.01443863e+00]
  [  1.01982951e+00   1.26670372e+00  -1.38093448e+00   1.41068399e+00]
  [  1.26381803e+00   1.11260998e+00  -1.53335905e+00   9.05085862e-01]
  [  1.33829188e+00   2.01160860e+00  -1.53340116e-01   4.45687890e-01]
  [  2.32496992e-01   9.48761463e-01  -1.51714027e+00   1.69549489e+00]
  [  2.32496992e-01   9.48761463e-01  -1.51714027e+00   1.69549489e+00]
  [  2.32496992e-01   9.48761463e-01  -1.51714027e+00   1.69549489e+00]
  [  2.32496992e-01   9.48761463e-01  -1.51714027e+00   1.69549489e+00]
  [  2.32496992e-01   9.48761463e-01  -1.51714027e+00   1.69549489e+00]
  [  2.32496992e-01   9.48761463e-01  -1.51714027e+00   1.69549489e+00]
  [  2.32496992e-01   9.48761463e-01  -1.51714027e+00   1.69549489e+00]
  [  2.32496992e-01   9.48761463e-01  -1.51714027e+00   1.69549489e+00]
  [  2.32496992e-01   9.48761463e-01  -1.51714027e+00   1.69549489e+00]
  [  2.32496992e-01   9.48761463e-01  -1.51714027e+00   1.69549489e+00]
  [  2.32496992e-01   9.48761463e-01  -1.51714027e+00   1.69549489e+00]
  [  2.32496992e-01   9.48761463e-01  -1.51714027e+00   1.69549489e+00]
  [  2.32496992e-01   9.48761463e-01  -1.51714027e+00   1.69549489e+00]
  [  2.32496992e-01   9.48761463e-01  -1.51714027e+00   1.69549489e+00]
  [  2.32496992e-01   9.48761463e-01  -1.51714027e+00   1.69549489e+00]
  [  2.32496992e-01   9.48761463e-01  -1.51714027e+00   1.69549489e+00]
  [  2.32496992e-01   9.48761463e-01  -1.51714027e+00   1.69549489e+00]
  [  2.32496992e-01   9.48761463e-01  -1.51714027e+00   1.69549489e+00]
  [  2.32496992e-01   9.48761463e-01  -1.51714027e+00   1.69549489e+00]
  [  2.32496992e-01   9.48761463e-01  -1.51714027e+00   1.69549489e+00]]]
len(bboxes)=1
 bboxes={'cone': [[448, 224, 528, 304], [208, 32, 288, 112], [192, 352, 256, 432], [512, 80, 576, 144], [208, 32, 288, 112], [544, 352, 576, 432], [320, 304, 400, 368], [176, 208, 240, 288], [80, 416, 144, 480], [0, 240, 80, 320], [64, 96, 128, 176], [352, 96, 432, 176], [400, 400, 464, 464], [480, 512, 560, 576], [208, 32, 288, 112], [400, 400, 464, 464], [176, 528, 240, 576], [448, 224, 528, 304], [80, 416, 144, 480], [0, 0, 32, 32], [480, 512, 560, 576], [352, 96, 432, 176], [176, 208, 240, 288], [512, 80, 576, 144], [192, 352, 256, 432], [544, 352, 576, 432], [80, 416, 144, 480], [544, 352, 576, 432], [400, 400, 464, 464], [0, 0, 32, 32], [208, 32, 288, 112], [0, 240, 80, 320], [80, 416, 144, 480], [16, 544, 96, 576], [512, 80, 576, 144], [416, 0, 480, 32], [0, 416, 32, 480], [80, 416, 144, 480], [176, 528, 240, 576], [176, 528, 240, 576], [96, 0, 176, 32], [480, 512, 560, 576], [480, 512, 560, 576], [0, 0, 32, 32], [448, 224, 528, 304], [0, 240, 80, 320], [416, 0, 480, 32], [400, 400, 464, 464], [96, 0, 176, 32], [0, 416, 32, 480], [400, 400, 464, 464], [512, 80, 576, 144], [416, 0, 480, 32], [0, 240, 80, 320], [208, 32, 288, 112], [512, 80, 576, 144], [352, 96, 432, 176], [0, 240, 80, 320], [448, 224, 528, 304], [352, 96, 432, 176], [192, 352, 256, 432], [96, 0, 176, 32], [176, 208, 240, 288]]}
ratio=9.375 
 X.shape=(1, 3, 600, 600)
 X=[[[[ 119.06099701  119.06099701  119.06099701 ...,  -18.93900299
     -18.93900299  -18.93900299]
   [ 119.06099701  120.06099701  119.06099701 ...,  -18.93900299
     -18.93900299  -18.93900299]
   [ 119.06099701  119.06099701  119.06099701 ...,  -18.93900299
     -18.93900299  -18.93900299]
   ..., 
   [  12.06099701   12.06099701   12.06099701 ...,   98.06099701
      98.06099701   98.06099701]
   [  11.06099701   12.06099701   11.06099701 ...,   98.06099701
      98.06099701   98.06099701]
   [  12.06099701   12.06099701   12.06099701 ...,   98.06099701
      98.06099701   98.06099701]]

  [[ 106.22100067  106.22100067  106.22100067 ...,  -31.77899933
     -31.77899933  -31.77899933]
   [ 106.22100067  107.22100067  106.22100067 ...,  -31.77899933
     -31.77899933  -31.77899933]
   [ 106.22100067  106.22100067  106.22100067 ...,  -31.77899933
     -31.77899933  -31.77899933]
   ..., 
   [  -0.77899933   -0.77899933   -0.77899933 ...,   85.22100067
      85.22100067   85.22100067]
   [  -1.77899933   -0.77899933   -1.77899933 ...,   85.22100067
      85.22100067   85.22100067]
   [  -0.77899933   -0.77899933   -0.77899933 ...,   85.22100067
      85.22100067   85.22100067]]

  [[  99.31999969   99.31999969   99.31999969 ...,  -38.68000031
     -38.68000031  -38.68000031]
   [  99.31999969  100.31999969   99.31999969 ...,  -38.68000031
     -38.68000031  -38.68000031]
   [  99.31999969   99.31999969   99.31999969 ...,  -38.68000031
     -38.68000031  -38.68000031]
   ..., 
   [  -7.68000031   -7.68000031   -7.68000031 ...,   78.31999969
      78.31999969   78.31999969]
   [  -8.68000031   -7.68000031   -8.68000031 ...,   78.31999969
      78.31999969   78.31999969]
   [  -7.68000031   -7.68000031   -7.68000031 ...,   78.31999969
      78.31999969   78.31999969]]]] 
Y1.shape=(1, 37, 37, 9)
 Y1=[[[[  7.71522671e-02   1.46826540e-04   2.24915057e-04 ...,
      2.13917534e-04   4.16355282e-01   6.46335065e-01]
   [  2.74028853e-02   1.52307427e-06   6.75942488e-07 ...,
      2.43111003e-06   4.16986287e-01   2.68514842e-01]
   [  3.11404858e-02   4.70543057e-07   1.21408291e-07 ...,
      2.70503875e-07   2.06996962e-01   1.40653893e-01]
   ..., 
   [  3.53346765e-02   2.89682566e-06   3.54863346e-06 ...,
      1.74707066e-06   4.80134308e-01   4.27455008e-01]
   [  3.93778756e-02   7.68548944e-06   5.68918085e-06 ...,
      9.49833611e-06   3.41884881e-01   5.12966752e-01]
   [  1.17949501e-01   9.22595442e-04   1.11235783e-03 ...,
      1.85942836e-03   3.38585258e-01   4.91711974e-01]]

  [[  2.13331636e-02   1.81095402e-06   1.88857416e-06 ...,
      8.25733787e-06   2.16309190e-01   7.74221361e-01]
   [  7.26400502e-03   1.93012428e-09   6.05534956e-10 ...,
      7.90535459e-09   2.70536423e-01   6.11083806e-01]
   [  1.69908050e-02   7.81837511e-11   9.57119627e-12 ...,
      1.12232335e-10   1.14151172e-01   3.34228575e-01]
   ..., 
   [  3.34749609e-04   1.17167587e-09   2.03487249e-09 ...,
      6.12351858e-09   4.50072557e-01   5.18646181e-01]
   [  8.24064482e-03   6.64614186e-09   2.55631765e-08 ...,
      5.93415734e-08   3.85102302e-01   7.60230482e-01]
   [  3.22787911e-02   8.67608014e-06   1.54097906e-05 ...,
      3.18463462e-05   3.83234024e-01   5.11736691e-01]]

  [[  2.78408211e-02   3.74289129e-07   2.41206124e-07 ...,
      8.97846803e-07   2.72382736e-01   7.58901179e-01]
   [  2.16669892e-03   2.03341260e-10   4.16387896e-11 ...,
      6.38647135e-10   2.35066801e-01   6.40109181e-01]
   [  5.50326612e-03   3.54530663e-12   4.19981541e-13 ...,
      1.79200242e-12   1.93760857e-01   2.13690221e-01]
   ..., 
   [  3.41522880e-03   1.28287636e-09   1.88197102e-09 ...,
      3.82669008e-09   7.01948643e-01   1.64338127e-01]
   [  3.28827947e-02   1.59112679e-09   1.28957938e-08 ...,
      3.86765144e-08   6.20436847e-01   6.94651425e-01]
   [  1.06188871e-01   1.23519476e-05   3.45582048e-05 ...,
      5.54597209e-05   4.53421414e-01   5.56510508e-01]]

  ..., 
  [[  1.07200472e-02   1.79536073e-06   1.36180438e-06 ...,
      4.40737131e-06   1.83194876e-01   6.24501646e-01]
   [  5.64473972e-04   4.13681533e-10   1.93853156e-10 ...,
      6.81772472e-10   1.69812411e-01   4.29230630e-01]
   [  3.91276757e-04   9.13744232e-13   4.70655849e-13 ...,
      3.97282576e-13   1.46012396e-01   1.61328897e-01]
   ..., 
   [  5.26835734e-04   1.06715681e-09   2.81419499e-10 ...,
      4.46060189e-10   1.76999837e-01   7.09468842e-01]
   [  5.89418318e-03   3.96488531e-09   1.48587376e-09 ...,
      1.15942278e-08   3.23383212e-01   5.91225743e-01]
   [  1.86478272e-02   2.42956844e-06   2.07331846e-06 ...,
      3.59523983e-06   2.77907133e-01   4.08790827e-01]]

  [[  6.01871133e-01   7.49744686e-06   2.28947124e-06 ...,
      1.50081087e-05   3.06796789e-01   5.45463800e-01]
   [  1.38343379e-01   4.97312769e-09   5.77586512e-09 ...,
      6.84882835e-08   3.78210962e-01   5.38609207e-01]
   [  3.03916037e-02   7.68412139e-11   3.01185570e-11 ...,
      5.03643238e-10   3.13799858e-01   2.03151301e-01]
   ..., 
   [  8.02720897e-03   3.10549808e-09   1.33044831e-09 ...,
      1.66274265e-08   5.61897397e-01   5.95726371e-01]
   [  1.93112697e-02   4.01056610e-09   5.64448932e-09 ...,
      6.06928907e-08   3.19999695e-01   8.28859687e-01]
   [  2.63394490e-02   1.96449923e-06   2.51717665e-06 ...,
      4.63104470e-06   3.38252991e-01   4.67774093e-01]]

  [[  1.82803333e-01   4.82104224e-05   7.85999218e-05 ...,
      1.05963249e-04   1.90132678e-01   6.91540658e-01]
   [  5.33312559e-02   2.98223569e-07   5.13830969e-07 ...,
      8.11167240e-07   1.56408757e-01   5.53942561e-01]
   [  1.04731033e-02   2.71223222e-08   3.40648505e-08 ...,
      8.41052454e-08   4.20875251e-01   4.69347805e-01]
   ..., 
   [  3.70391342e-03   1.34369964e-06   7.61069032e-07 ...,
      5.27039504e-07   4.13612157e-01   7.56398261e-01]
   [  3.67326997e-02   1.16889942e-06   1.47057392e-06 ...,
      1.92943889e-06   3.92051548e-01   7.21976161e-01]
   [  5.52203320e-02   7.05588827e-05   7.94631414e-05 ...,
      5.23421368e-05   3.01076353e-01   4.20938462e-01]]]] 
Y2.shape=(1, 37, 37, 36)
 Y2=[[[[ -3.31324935e-02  -2.73201585e-01  -1.41016626e+00 ...,
      0.00000000e+00   0.00000000e+00   0.00000000e+00]
   [ -2.16530904e-01  -5.66432476e-01  -2.09291625e+00 ...,
      0.00000000e+00   0.00000000e+00   0.00000000e+00]
   [ -1.55502379e-01  -6.40845597e-01  -2.15508151e+00 ...,
      0.00000000e+00   0.00000000e+00   0.00000000e+00]
   ..., 
   [ -1.58737853e-01  -3.71552050e-01  -2.00637579e+00 ...,
      0.00000000e+00   0.00000000e+00   0.00000000e+00]
   [ -2.01932818e-01  -1.43030956e-01  -1.96704793e+00 ...,
      0.00000000e+00   0.00000000e+00   0.00000000e+00]
   [ -1.17381781e-01  -1.26761779e-01  -1.19228482e+00 ...,
      0.00000000e+00   0.00000000e+00   0.00000000e+00]]

  [[  5.21349423e-02   1.11242548e-01  -2.22798514e+00 ...,
      0.00000000e+00   0.00000000e+00   0.00000000e+00]
   [ -2.17551336e-01  -4.32379037e-01  -3.55952144e+00 ...,
      0.00000000e+00   0.00000000e+00   0.00000000e+00]
   [ -1.92643255e-02  -4.28603560e-01  -3.92893028e+00 ...,
      0.00000000e+00   0.00000000e+00   0.00000000e+00]
   ..., 
   [ -1.47037849e-01  -1.03421062e-02  -3.80965519e+00 ...,
      0.00000000e+00   0.00000000e+00   0.00000000e+00]
   [ -4.29710418e-01  -1.66710809e-01  -3.45989013e+00 ...,
      0.00000000e+00   0.00000000e+00   0.00000000e+00]
   [ -2.32443005e-01  -6.38173521e-02  -2.26158619e+00 ...,
      0.00000000e+00   0.00000000e+00   0.00000000e+00]]

  [[  4.03589457e-02  -4.15982082e-02  -2.37525797e+00 ...,
      0.00000000e+00   0.00000000e+00   0.00000000e+00]
   [ -3.30984116e-01  -3.10517281e-01  -3.62119102e+00 ...,
      0.00000000e+00   0.00000000e+00   0.00000000e+00]
   [ -1.09287262e-01  -3.85701329e-01  -4.18069839e+00 ...,
      0.00000000e+00   0.00000000e+00   0.00000000e+00]
   ..., 
   [ -2.78354287e-01  -4.58478391e-01  -3.35003138e+00 ...,
      0.00000000e+00   0.00000000e+00   0.00000000e+00]
   [ -3.23336601e-01  -4.66554046e-01  -3.16840053e+00 ...,
      0.00000000e+00   0.00000000e+00   0.00000000e+00]
   [ -2.73182571e-01  -1.92241237e-01  -1.97417498e+00 ...,
      0.00000000e+00   0.00000000e+00   0.00000000e+00]]

  ..., 
  [[ -1.55605813e-02  -8.70782584e-02  -2.29945302e+00 ...,
      0.00000000e+00   0.00000000e+00   0.00000000e+00]
   [ -2.38369375e-01  -5.75633049e-01  -3.51366115e+00 ...,
      0.00000000e+00   0.00000000e+00   0.00000000e+00]
   [  1.22805104e-01  -4.39357102e-01  -4.21908236e+00 ...,
      0.00000000e+00   0.00000000e+00   0.00000000e+00]
   ..., 
   [ -3.72958928e-01  -9.43141758e-01  -3.70390344e+00 ...,
      0.00000000e+00   0.00000000e+00   0.00000000e+00]
   [ -5.81682563e-01  -6.75895810e-01  -3.33867764e+00 ...,
      0.00000000e+00   0.00000000e+00   0.00000000e+00]
   [ -2.59992331e-01  -3.25528085e-01  -2.24592328e+00 ...,
      0.00000000e+00   0.00000000e+00   0.00000000e+00]]

  [[  1.29186079e-01   2.08472028e-01  -1.96195912e+00 ...,
      0.00000000e+00   0.00000000e+00   0.00000000e+00]
   [ -4.78786901e-02  -3.84022534e-01  -2.87211370e+00 ...,
      0.00000000e+00   0.00000000e+00   0.00000000e+00]
   [  1.36824727e-01  -1.83040500e-01  -3.55085492e+00 ...,
      0.00000000e+00   0.00000000e+00   0.00000000e+00]
   ..., 
   [ -4.14323717e-01  -6.01618528e-01  -3.68974304e+00 ...,
      0.00000000e+00   0.00000000e+00   0.00000000e+00]
   [ -5.24312317e-01  -2.29759172e-01  -3.28398967e+00 ...,
      0.00000000e+00   0.00000000e+00   0.00000000e+00]
   [ -1.99086219e-01  -1.32863864e-01  -2.23243189e+00 ...,
      0.00000000e+00   0.00000000e+00   0.00000000e+00]]

  [[  4.81062829e-02   3.38658094e-02  -1.67947650e+00 ...,
      0.00000000e+00   0.00000000e+00   0.00000000e+00]
   [ -2.08742917e-02  -3.49768877e-01  -2.49115181e+00 ...,
      0.00000000e+00   0.00000000e+00   0.00000000e+00]
   [  2.26713464e-01  -6.90015107e-02  -2.91078067e+00 ...,
      0.00000000e+00   0.00000000e+00   0.00000000e+00]
   ..., 
   [  5.19709215e-02  -2.59406656e-01  -2.80045795e+00 ...,
      0.00000000e+00   0.00000000e+00   0.00000000e+00]
   [ -2.99073786e-01  -2.96265393e-01  -2.68063831e+00 ...,
      0.00000000e+00   0.00000000e+00   0.00000000e+00]
   [  2.04553921e-03   3.84923965e-02  -1.77421188e+00 ...,
      0.00000000e+00   0.00000000e+00   0.00000000e+00]]]] 
F.shape=(1, 37, 37, 512)
 F=[[[[ 0.          0.          0.         ...,  0.          0.          0.        ]
   [ 0.          0.33957538  0.         ...,  0.          0.          0.        ]
   [ 0.          0.          0.         ...,  0.          0.          0.        ]
   ..., 
   [ 0.          0.          0.         ...,  0.          1.11284745  0.        ]
   [ 0.          0.          0.         ...,  0.          0.          0.        ]
   [ 0.          0.          0.         ...,  0.          0.          0.        ]]

  [[ 0.          0.          0.         ...,  0.          0.          0.        ]
   [ 0.          0.          0.         ...,  0.          0.          0.        ]
   [ 0.          0.          0.         ...,  0.          0.          0.        ]
   ..., 
   [ 0.          0.          0.         ...,  0.          2.61402941  0.        ]
   [ 0.          0.          0.         ...,  0.          0.          0.        ]
   [ 0.          0.          0.         ...,  0.          0.          0.        ]]

  [[ 0.          0.          0.         ...,  0.          0.          0.        ]
   [ 0.          0.          0.         ...,  0.          0.          0.        ]
   [ 0.          0.          0.         ...,  0.          0.          0.        ]
   ..., 
   [ 0.          0.          0.         ...,  0.          0.70324326  0.        ]
   [ 0.          0.          0.         ...,  0.          0.          0.        ]
   [ 0.          0.          0.         ...,  0.          0.          0.        ]]

  ..., 
  [[ 0.          0.          0.         ...,  0.          0.          0.        ]
   [ 0.          0.          0.         ...,  0.          0.          0.        ]
   [ 0.          0.          0.         ...,  0.          0.          0.        ]
   ..., 
   [ 0.          0.          0.         ...,  0.          0.          0.        ]
   [ 0.          0.          0.         ...,  0.          0.          0.        ]
   [ 0.          0.          0.         ...,  0.          0.          0.        ]]

  [[ 0.          0.          0.         ...,  0.          0.          0.        ]
   [ 0.          0.          0.         ...,  0.          0.          0.        ]
   [ 0.          0.          0.         ...,  0.          0.          0.        ]
   ..., 
   [ 0.          0.          0.         ...,  0.          0.          0.        ]
   [ 0.          0.          0.         ...,  0.          0.          0.        ]
   [ 0.          0.          0.         ...,  0.          0.          0.        ]]

  [[ 0.          0.          0.         ...,  0.          0.          0.        ]
   [ 0.          0.          0.         ...,  0.          0.          0.        ]
   [ 0.          0.          0.         ...,  0.          0.          0.        ]
   ..., 
   [ 0.          0.          0.         ...,  0.          0.          0.        ]
   [ 0.          0.          0.         ...,  0.          0.          0.        ]
   [ 0.          0.          0.         ...,  0.          0.          0.        ]]]] 
R.shape=(300, 4)
 R=[[ 0 13 35 36]
 [ 0  2 35 34]
 [ 0  0 35 24]
 ..., 
 [17  0 20  3]
 [22  9 25 12]
 [31 28 34 31]] 
ROIs.shape=(1, 32, 4)
 ROIs=[[[ 0 13 35 23]
  [ 0  2 35 32]
  [ 0  0 35 24]
  [ 0  1 20 35]
  [ 3 19 33 17]
  [ 0  0 32 17]
  [18  1 18 35]
  [10  0 26 36]
  [ 0 21  4  5]
  [ 0 33  3  3]
  [32  0  3  3]
  [ 0  0 16 32]
  [ 4  7 32 29]
  [ 0  4 27 32]
  [ 0 19  3  5]
  [30  0  4  2]
  [ 0 22  2  5]
  [23 24  4  4]
  [29 14  4  4]
  [ 0 33  2  3]
  [ 1  0  4  1]
  [33  1  3  5]
  [33  0  3  3]
  [21  0  5  2]
  [33  0  3  5]
  [32  1  3  3]
  [10  0  5  2]
  [ 0  0  3  3]
  [ 9  0  5  2]
  [ 1  0  3  3]
  [ 6  0  5  2]
  [ 0 21  2  5]]] 
P_cls.shape=(1, 32, 2)
 P_cls=[[[  1.21381347e-31   1.00000000e+00]
  [  1.08208773e-29   1.00000000e+00]
  [  9.96327086e-28   1.00000000e+00]
  [  0.00000000e+00   1.00000000e+00]
  [  0.00000000e+00   1.00000000e+00]
  [  1.84409071e-26   1.00000000e+00]
  [  2.30040542e-35   1.00000000e+00]
  [  3.31919168e-32   1.00000000e+00]
  [  0.00000000e+00   1.00000000e+00]
  [  1.16271980e-20   1.00000000e+00]
  [  4.78846487e-05   9.99952078e-01]
  [  6.97120426e-37   1.00000000e+00]
  [  0.00000000e+00   1.00000000e+00]
  [  3.18266978e-34   1.00000000e+00]
  [  0.00000000e+00   1.00000000e+00]
  [  2.86476962e-12   1.00000000e+00]
  [  2.80605906e-36   1.00000000e+00]
  [  3.09950888e-01   6.90049171e-01]
  [  1.32262555e-03   9.98677313e-01]
  [  7.09351111e-12   1.00000000e+00]
  [  3.40734437e-06   9.99996543e-01]
  [  1.79900544e-05   9.99981999e-01]
  [  2.34557018e-01   7.65442967e-01]
  [  1.20088604e-04   9.99879956e-01]
  [  8.78726915e-02   9.12127316e-01]
  [  1.16095759e-17   1.00000000e+00]
  [  7.31833756e-15   1.00000000e+00]
  [  1.36993360e-04   9.99863029e-01]
  [  2.08729301e-12   1.00000000e+00]
  [  2.19024553e-19   1.00000000e+00]
  [  1.40408125e-13   1.00000000e+00]
  [  7.94128286e-15   1.00000000e+00]]]
P_regr.shape=(1, 32, 4)
 P_regr=[[[  1.22960913e+00   1.59211659e+00  -1.32010520e+00   1.84627891e+00]
  [  8.94383788e-01   1.10302210e+00  -1.03959131e+00   2.12262535e+00]
  [  9.06738043e-01   8.24257135e-01  -8.82195592e-01   1.60857165e+00]
  [  1.45929241e+00   2.25481415e+00  -2.08632612e+00   3.36463904e+00]
  [  3.38473558e+00   5.20649910e+00  -4.99656630e+00   5.72969341e+00]
  [  8.21671724e-01   7.47316241e-01  -1.30253303e+00   1.47965050e+00]
  [  1.46165848e+00   1.71841311e+00  -9.53648329e-01   2.38872766e+00]
  [  1.24110770e+00   1.54458308e+00  -1.24539530e+00   1.95790267e+00]
  [  6.17465305e+00   7.74743176e+00  -4.78062105e+00   6.30368614e+00]
  [  7.90546536e-01   2.40920424e-01  -1.01559711e+00   1.61343381e-01]
  [  1.18827558e+00  -3.39186400e-01   5.75439453e-01  -4.19115037e-01]
  [  1.17945576e+00   1.74659240e+00  -1.15187955e+00   2.71750045e+00]
  [  1.52683175e+00   1.85568237e+00  -1.85445833e+00   2.42920828e+00]
  [  1.28930748e+00   1.41914856e+00  -1.35642195e+00   1.85972524e+00]
  [  2.17013311e+00   2.96571255e+00  -1.49028683e+00   3.21867013e+00]
  [  4.36789036e-01  -8.74676630e-02  -4.90965009e-01  -9.17722508e-02]
  [  1.50767899e+00  -2.32335895e-01  -1.20041227e+00   3.01318574e+00]
  [ -3.16189259e-01   1.04279530e+00  -4.49074954e-02   8.01142216e-01]
  [  3.55417132e-01   8.23407650e-01   1.25702322e-01   1.05623579e+00]
  [  6.33630669e-04   4.08115387e-01  -8.88912976e-01  -2.11732045e-01]
  [ -2.05533698e-01  -7.28187799e-01   3.18353236e-01  -2.44755149e-01]
  [  2.32237235e-01   3.63173708e-02  -5.80370307e-01   6.01128697e-01]
  [  4.78364199e-01  -8.37323144e-02  -7.45944679e-01  -4.53728914e-01]
  [  2.80243248e-01  -2.79529721e-01  -8.26122463e-02   1.88153923e-01]
  [  4.67152089e-01  -4.31639224e-01  -9.10962164e-01  -8.12577188e-01]
  [  1.38160408e+00   3.16087246e-01  -4.17274803e-01   1.05047679e+00]
  [  1.10491797e-01   4.77098018e-01  -8.31932425e-01   5.16687870e-01]
  [ -5.28373122e-01  -1.71587646e-01  -3.58412117e-01  -7.48090371e-02]
  [ -3.03674750e-02   3.71146500e-01  -8.72497618e-01   6.36948228e-01]
  [  6.92167282e-02   7.75063455e-01  -1.59833103e-01   5.21275066e-02]
  [  3.65324467e-01   2.39742503e-01  -1.06401145e+00   3.77415270e-01]
  [  5.63895702e-01   1.95165604e-01  -9.17363882e-01   1.81205177e+00]]]
ROIs.shape=(1, 32, 4)
 ROIs=[[[23  0  5  2]
  [ 0 18  2  5]
  [22  0  5  2]
  [ 0 24  2  5]
  [12  0  5  2]
  [28  0  5  2]
  [33 33  3  3]
  [ 0  1  2  4]
  [ 0 28  2  5]
  [33  2  3  5]
  [ 0  0  4  2]
  [19  0  5  2]
  [31  0  4  2]
  [33  4  3  5]
  [ 0  3  2  5]
  [16  0  5  2]
  [14  0  5  2]
  [ 7  0  5  2]
  [15  0  5  2]
  [13  0  5  2]
  [ 0 30  2  4]
  [33 28  3  5]
  [33  3  3  5]
  [ 8  0  5  2]
  [ 0 22  1  4]
  [ 0  5  2  5]
  [33  6  3  5]
  [ 4  0  5  1]
  [32  0  4  2]
  [ 2  0  5  1]
  [33 29  3  5]
  [ 0 14  2  5]]] 
P_cls.shape=(1, 32, 2)
 P_cls=[[[  2.78389524e-03   9.97216105e-01]
  [  0.00000000e+00   1.00000000e+00]
  [  5.30343875e-03   9.94696498e-01]
  [  0.00000000e+00   1.00000000e+00]
  [  1.08959497e-07   9.99999881e-01]
  [  5.24993460e-13   1.00000000e+00]
  [  1.58699471e-29   1.00000000e+00]
  [  1.12863977e-16   1.00000000e+00]
  [  6.80162998e-33   1.00000000e+00]
  [  2.03330686e-07   9.99999762e-01]
  [  1.65072039e-10   1.00000000e+00]
  [  4.28082245e-08   1.00000000e+00]
  [  1.95030481e-08   1.00000000e+00]
  [  3.11355081e-10   1.00000000e+00]
  [  0.00000000e+00   1.00000000e+00]
  [  2.01862008e-06   9.99997973e-01]
  [  3.58948637e-05   9.99964118e-01]
  [  8.66045985e-11   1.00000000e+00]
  [  4.73986711e-06   9.99995232e-01]
  [  3.59878177e-05   9.99963999e-01]
  [  4.05781514e-18   1.00000000e+00]
  [  6.08255139e-29   1.00000000e+00]
  [  1.09504217e-09   1.00000000e+00]
  [  1.88171159e-10   1.00000000e+00]
  [  1.62877812e-04   9.99837041e-01]
  [  0.00000000e+00   1.00000000e+00]
  [  3.41475459e-11   1.00000000e+00]
  [  5.57870976e-07   9.99999404e-01]
  [  2.54550073e-02   9.74544942e-01]
  [  8.87453722e-10   1.00000000e+00]
  [  6.80932301e-23   1.00000000e+00]
  [  1.15684360e-29   1.00000000e+00]]]
P_regr.shape=(1, 32, 4)
 P_regr=[[[ -6.20513022e-01   1.46751106e-01  -1.67817220e-01   4.16524976e-01]
  [  1.51836050e+00   2.16204309e+00  -2.44567585e+00   4.37502813e+00]
  [ -1.08612254e-01  -1.08371228e-01  -1.42077401e-01   2.66593456e-01]
  [  3.02969241e+00   3.11517048e+00  -3.65923762e+00   6.58124924e+00]
  [  1.16233289e-01   2.17396971e-02  -3.73211235e-01  -9.80067439e-03]
  [  2.18797758e-01  -9.11091790e-02  -2.98678041e-01  -1.08805440e-01]
  [  1.49573565e+00   1.64796865e+00  -1.64232683e+00   1.38674915e+00]
  [  1.42858371e-01   6.16794303e-02  -1.31741428e+00   1.24383914e+00]
  [  6.78123236e-01   1.73731625e+00  -1.94116735e+00   2.47137117e+00]
  [  5.59051514e-01   3.12612236e-01  -6.45351708e-01   9.04181898e-01]
  [ -1.22689173e-01  -1.40229136e-01  -2.38857046e-01  -1.63769662e-01]
  [  1.11038890e-02  -2.58975327e-01  -4.17099535e-01   4.88319434e-02]
  [  9.09161448e-01  -5.93553662e-01   3.90858278e-02  -2.80273646e-01]
  [  1.15156460e+00   3.36232215e-01  -1.11133933e+00   6.22835457e-01]
  [  2.34693503e+00   3.04358912e+00  -3.24126339e+00   4.60419512e+00]
  [ -1.65047348e-01  -4.31209713e-01   1.04526617e-01  -3.21847320e-01]
  [ -2.89633989e-01  -5.27153537e-02  -1.75308153e-01  -1.46811709e-01]
  [  4.75919336e-01   4.78269830e-02  -7.82202542e-01   4.23413813e-01]
  [ -4.33079839e-01  -2.46297330e-01  -1.46016700e-03  -2.28336081e-01]
  [ -1.10252634e-01  -2.25539450e-02  -1.91733271e-01  -1.02416083e-01]
  [  3.43072116e-01  -4.22979683e-01  -1.36394358e+00   1.66866314e+00]
  [  1.46190822e+00   2.05420017e+00  -1.06303120e+00   1.73668766e+00]
  [  8.13858449e-01   2.42204621e-01  -9.02407944e-01   7.02179253e-01]
  [  3.40821087e-01   9.19435695e-02  -6.74009740e-01   5.04579365e-01]
  [  3.70033793e-02  -9.20120120e-01  -3.37845683e-01   1.42772937e+00]
  [  2.15628743e+00   2.69411325e+00  -3.32816315e+00   4.19058895e+00]
  [  1.31967950e+00   8.74222875e-01  -1.71088684e+00   1.35044169e+00]
  [  5.98033369e-01  -1.31987795e-01  -3.83953691e-01  -2.95915753e-01]
  [  9.49530184e-01  -7.80523196e-02  -9.79706943e-01  -4.44031544e-02]
  [  3.66340458e-01  -2.80501783e-01  -4.82078418e-02  -1.19773023e-01]
  [  1.33018708e+00   1.77339983e+00  -9.97224748e-01   6.74621642e-01]
  [  8.07214379e-01   1.27255172e-01  -1.78319597e+00   2.50756717e+00]]]
ROIs.shape=(1, 32, 4)
 ROIs=[[[ 0 27  2  5]
  [ 0 12  2  5]
  [33 11  3  5]
  [27  0  5  2]
  [33  5  3  5]
  [33 20  3  5]
  [18  0  5  2]
  [33 10  3  5]
  [24  0  5  2]
  [33 27  3  4]
  [ 5  0  5  2]
  [ 0  0  4  1]
  [17  0  5  2]
  [ 1 33  3  3]
  [ 0 11  2  5]
  [31  0  3  4]
  [26  0  5  2]
  [ 0 10  2  5]
  [33 19  3  5]
  [33  9  3  5]
  [18 33  3  3]
  [33 18  3  5]
  [33 21  3  5]
  [27  1  4  3]
  [12 33  4  3]
  [33 22  3  5]
  [33 12  3  5]
  [ 0 16  2  5]
  [ 0 31  2  5]
  [ 0 13  2  5]
  [11 33  4  3]
  [32  6  3  3]]] 
P_cls.shape=(1, 32, 2)
 P_cls=[[[  0.00000000e+00   1.00000000e+00]
  [  3.27407679e-21   1.00000000e+00]
  [  6.43036664e-28   1.00000000e+00]
  [  1.67133275e-13   1.00000000e+00]
  [  3.21050781e-12   1.00000000e+00]
  [  5.66365880e-22   1.00000000e+00]
  [  3.32472109e-06   9.99996662e-01]
  [  2.92430338e-28   1.00000000e+00]
  [  3.30556509e-06   9.99996662e-01]
  [  1.34942188e-35   1.00000000e+00]
  [  5.40007004e-13   1.00000000e+00]
  [  4.25498438e-04   9.99574482e-01]
  [  3.85949443e-06   9.99996185e-01]
  [  0.00000000e+00   1.00000000e+00]
  [  1.09749248e-17   1.00000000e+00]
  [  8.36205980e-19   1.00000000e+00]
  [  2.27817954e-13   1.00000000e+00]
  [  3.21448651e-22   1.00000000e+00]
  [  1.15073449e-29   1.00000000e+00]
  [  1.34170880e-25   1.00000000e+00]
  [  4.11468684e-14   1.00000000e+00]
  [  0.00000000e+00   1.00000000e+00]
  [  2.40845526e-24   1.00000000e+00]
  [  2.08469633e-22   1.00000000e+00]
  [  8.84293259e-23   1.00000000e+00]
  [  2.01628314e-30   1.00000000e+00]
  [  1.14543143e-28   1.00000000e+00]
  [  0.00000000e+00   1.00000000e+00]
  [  5.69147372e-20   1.00000000e+00]
  [  3.42851374e-25   1.00000000e+00]
  [  3.23861637e-26   1.00000000e+00]
  [  0.00000000e+00   1.00000000e+00]]]
P_regr.shape=(1, 32, 4)
 P_regr=[[[  1.49046922e+00   2.48367715e+00  -2.46557951e+00   4.01647663e+00]
  [  3.13851714e-01  -9.42471847e-02  -1.55177748e+00   1.85889840e+00]
  [  1.82733321e+00   1.53255141e+00  -1.78473639e+00   1.07948661e+00]
  [  2.51773894e-01   7.05344751e-02  -2.25061283e-01  -8.98623094e-03]
  [  1.43544865e+00   7.72893846e-01  -1.50801206e+00   8.07071567e-01]
  [  1.58923447e+00   1.28945625e+00  -1.56470227e+00   6.73064172e-01]
  [  3.89621258e-02  -3.44445318e-01  -2.00097963e-01  -1.19546689e-01]
  [  1.93587637e+00   1.43472600e+00  -1.87382555e+00   1.32106364e+00]
  [ -4.84664857e-01   3.33893687e-01  -1.85413703e-01   4.98250067e-01]
  [  2.06601262e+00   2.48369551e+00  -1.81149435e+00   2.33700466e+00]
  [  1.99084744e-01   4.89752024e-01  -1.02982938e+00   2.87555784e-01]
  [ -1.08804405e-01  -7.30149209e-01   9.09163803e-02  -3.21108282e-01]
  [  7.77773187e-02  -4.22890216e-01   4.87146666e-03  -2.60089755e-01]
  [  5.78625250e+00   7.65143251e+00  -4.33643198e+00   5.42163515e+00]
  [  1.71630025e-01   2.56895181e-02  -1.36477005e+00   1.39831746e+00]
  [  8.43295813e-01   1.18434250e+00  -1.53739357e+00   8.35107565e-01]
  [  2.79403985e-01   2.46232346e-01  -4.49572712e-01   2.03093484e-01]
  [  2.65022933e-01   3.95617068e-01  -1.33716524e+00   1.23018551e+00]
  [  1.97154117e+00   1.86422288e+00  -1.90074766e+00   1.04114699e+00]
  [  2.07020450e+00   1.31913507e+00  -2.04340315e+00   1.43274236e+00]
  [ -9.43151712e-01  -3.39082450e-01   8.71764421e-02   9.38173234e-01]
  [  2.78087807e+00   3.01671410e+00  -2.44325709e+00   2.47258615e+00]
  [  1.56402576e+00   1.22213280e+00  -1.49916935e+00   1.00260985e+00]
  [  4.34196711e-01   1.14364123e+00  -1.66209793e+00   1.35965002e+00]
  [  8.86364579e-01   1.09784794e+00  -1.48797393e+00   5.13463497e-01]
  [  1.81964540e+00   1.49797809e+00  -1.61380494e+00   1.49056959e+00]
  [  1.96559310e+00   1.53664076e+00  -1.96732128e+00   1.29950213e+00]
  [  1.20920813e+00   1.32894337e+00  -2.02458167e+00   2.55643487e+00]
  [  2.38638923e-01   1.40967965e-01  -1.40967762e+00   1.17003441e+00]
  [  5.59153438e-01   1.56831499e-02  -1.70535469e+00   2.21208739e+00]
  [  8.22795570e-01   9.69804287e-01  -1.72191513e+00   1.00344849e+00]
  [  2.47312975e+00   1.64261496e+00  -1.46971416e+00   2.59091067e+00]]]
ROIs.shape=(1, 32, 4)
 ROIs=[[[ 0  3  2  3]
  [ 0 21  2  3]
  [33 17  3  5]
  [33  4  3  3]
  [33  8  3  5]
  [ 0  8  2  5]
  [14 34  4  2]
  [ 3  0  5  1]
  [16 32  4  3]
  [33  7  3  5]
  [33 31  3  4]
  [33  5  3  3]
  [18 34  4  2]
  [34 30  2  5]
  [13 34  4  2]
  [33 13  3  5]
  [ 1 20  3  4]
  [28  1  4  4]
  [33  3  3  3]
  [27 33  4  3]
  [32 29  3  3]
  [ 0  6  2  5]
  [33 16  3  5]
  [28  0  4  3]
  [14 31  3  3]
  [33 14  3  5]
  [31  5  3  3]
  [15  1  3  3]
  [ 0  7  2  5]
  [ 1 21  3  4]
  [26 33  4  3]
  [32 28  3  3]]] 
P_cls.shape=(1, 32, 2)
 P_cls=[[[  0.00000000e+00   1.00000000e+00]
  [  5.76649365e-29   1.00000000e+00]
  [  0.00000000e+00   1.00000000e+00]
  [  2.61715876e-08   1.00000000e+00]
  [  4.45356636e-16   1.00000000e+00]
  [  2.65909633e-28   1.00000000e+00]
  [  4.05907634e-22   1.00000000e+00]
  [  2.15903349e-08   1.00000000e+00]
  [  0.00000000e+00   1.00000000e+00]
  [  1.17952930e-11   1.00000000e+00]
  [  4.54025837e-25   1.00000000e+00]
  [  7.94661403e-08   9.99999881e-01]
  [  1.91229143e-26   1.00000000e+00]
  [  9.13906198e-17   1.00000000e+00]
  [  1.10824317e-14   1.00000000e+00]
  [  2.10580715e-35   1.00000000e+00]
  [  0.00000000e+00   1.00000000e+00]
  [  2.04571620e-11   1.00000000e+00]
  [  3.38817987e-19   1.00000000e+00]
  [  3.64443139e-17   1.00000000e+00]
  [  0.00000000e+00   1.00000000e+00]
  [  0.00000000e+00   1.00000000e+00]
  [  0.00000000e+00   1.00000000e+00]
  [  4.12300798e-17   1.00000000e+00]
  [  0.00000000e+00   1.00000000e+00]
  [  0.00000000e+00   1.00000000e+00]
  [  1.35191977e-29   1.00000000e+00]
  [  1.19250137e-13   1.00000000e+00]
  [  7.56003029e-33   1.00000000e+00]
  [  0.00000000e+00   1.00000000e+00]
  [  5.65183837e-12   1.00000000e+00]
  [  0.00000000e+00   1.00000000e+00]]]
P_regr.shape=(1, 32, 4)
 P_regr=[[[  1.64200234   2.19105673  -2.73133969   3.58757186]
  [  0.6802212    2.86724329  -1.83474028   3.23984861]
  [  3.80987382   4.12940931  -3.13479328   3.83785868]
  [  0.94244546   0.39287028  -0.91713017   0.81252187]
  [  1.72602749   0.80176193  -1.89708114   1.25867438]
  [  0.37376997   0.49589086  -1.54901719   1.42671132]
  [  0.21120979   0.65883499  -0.9925909    0.15918224]
  [  0.62570882  -0.19211812  -0.67244893  -0.0372652 ]
  [  3.75542927   4.06845665  -2.09697318   4.16689205]
  [  1.50071764   0.75531071  -1.77423263   1.45517731]
  [  1.51314056   1.89849687  -1.21439135   1.99251962]
  [  1.11337721   0.04443119  -1.10767746   0.5670172 ]
  [  0.21320675   0.39298272  -0.59677446   0.88726145]
  [  0.86423641   1.19750416  -0.5345242    0.45072246]
  [  0.34053621   0.28120717  -0.49502802  -0.14519021]
  [  2.3866787    1.94961321  -2.23327923   1.8024807 ]
  [  7.96988535  12.74757004  -5.73223782  10.01253128]
  [  0.25817612   0.99252284  -0.35560679   1.16020727]
  [  1.16444731   1.45645177  -0.93715554   1.09982204]
  [  0.06253344   0.39565495  -1.22543073   0.46465096]
  [  1.87120509   1.27205884  -0.37718454   2.30920792]
  [  1.26449561   2.07333946  -2.8424058    3.30403471]
  [  4.18343019   4.4205761   -3.54012561   4.40605974]
  [  0.44656539   0.66614008  -0.57290769   0.42438215]
  [  4.85090256   5.91810417  -3.49688888   6.12479782]
  [  3.07832217   2.8326211   -2.6747241    2.79016447]
  [  0.57170427   1.06160986  -1.19698167   1.75954819]
  [  0.05979044  -0.06114127  -1.03021824   0.56803864]
  [  0.61331856   1.00716007  -2.06136656   1.72814167]
  [  7.30049086  12.94219208  -6.51641226  11.04637051]
  [  0.09322231   0.14119343  -0.71423239   0.32374224]
  [  1.95409322   1.71792448  -1.10205841   3.15471268]]]
ROIs.shape=(1, 32, 4)
 ROIs=[[[ 0 17  2  3]
  [10 33  4  3]
  [33 26  3  4]
  [32 10  4  3]
  [ 9 34  4  2]
  [19  6  3  4]
  [23 34  4  2]
  [ 0 20  3  3]
  [ 0 31  3  5]
  [15 34  4  2]
  [ 1 34  4  2]
  [23 33  3  3]
  [32 27  3  3]
  [ 0  4  2  5]
  [23 26  3  3]
  [33 15  3  5]
  [25 34  4  2]
  [33 24  3  4]
  [24 27  3  3]
  [24 34  4  2]
  [27 13  4  3]
  [17 34  4  2]
  [14 33  3  3]
  [33  2  3  3]
  [32  8  3  3]
  [28 34  4  2]
  [33 25  3  4]
  [32 32  3  3]
  [ 1 30  3  3]
  [12 31  4  3]
  [ 0 26  2  5]
  [32  9  3  3]]] 
P_cls.shape=(1, 32, 2)
 P_cls=[[[  0.00000000e+00   1.00000000e+00]
  [  1.66977844e-31   1.00000000e+00]
  [  5.33489706e-32   1.00000000e+00]
  [  2.63251988e-37   1.00000000e+00]
  [  1.64331744e-27   1.00000000e+00]
  [  0.00000000e+00   1.00000000e+00]
  [  1.07263847e-23   1.00000000e+00]
  [  0.00000000e+00   1.00000000e+00]
  [  1.31751943e-27   1.00000000e+00]
  [  3.24689619e-31   1.00000000e+00]
  [  0.00000000e+00   1.00000000e+00]
  [  1.41167174e-33   1.00000000e+00]
  [  0.00000000e+00   1.00000000e+00]
  [  0.00000000e+00   1.00000000e+00]
  [  1.94748724e-03   9.98052478e-01]
  [  0.00000000e+00   1.00000000e+00]
  [  3.60257657e-10   1.00000000e+00]
  [  3.04740938e-38   1.00000000e+00]
  [  0.00000000e+00   1.00000000e+00]
  [  7.99288453e-16   1.00000000e+00]
  [  2.21380736e-34   1.00000000e+00]
  [  2.85833439e-16   1.00000000e+00]
  [  2.63973616e-25   1.00000000e+00]
  [  2.77473211e-10   1.00000000e+00]
  [  0.00000000e+00   1.00000000e+00]
  [  7.82368070e-16   1.00000000e+00]
  [  2.01820493e-32   1.00000000e+00]
  [  0.00000000e+00   1.00000000e+00]
  [  0.00000000e+00   1.00000000e+00]
  [  0.00000000e+00   1.00000000e+00]
  [  0.00000000e+00   1.00000000e+00]
  [  0.00000000e+00   1.00000000e+00]]]
P_regr.shape=(1, 32, 4)
 P_regr=[[[ 1.14964247  1.56563175 -2.0629797   2.90378118]
  [ 1.17107952  1.09349597 -1.52044916  1.47087979]
  [ 2.19492483  2.34926748 -2.15957165  2.01829147]
  [ 2.67035604  1.67464435 -2.38897085  2.21851635]
  [ 1.05539596  0.69879103 -0.97613257  0.46648946]
  [ 1.46491599  2.68945026 -2.00054717  3.24589396]
  [ 0.98007339  0.59127772 -0.90655041  0.55924284]
  [ 2.17744327  2.5252614  -0.98631912  1.91610384]
  [ 0.70175844  0.36049354 -1.32531393  1.4013499 ]
  [ 0.94979042  0.82505792 -1.33854377  0.77508092]
  [ 3.04042268  4.41088152 -2.1618576   2.71496964]
  [ 1.35704064  1.43789768 -1.48825884  2.01484203]
  [ 2.46356797  2.51825976 -1.73345542  3.42296124]
  [ 2.57430363  2.99183822 -3.21929932  4.36698294]
  [ 0.75941497 -2.08644176  1.01815557  1.0763365 ]
  [ 3.7825644   3.72886419 -3.32239318  3.86802101]
  [ 0.239669   -0.32819769 -0.39203361 -0.04426303]
  [ 2.46565485  2.63695359 -2.02051663  1.94412589]
  [ 1.15856457  1.75393403 -0.5637601   3.5179038 ]
  [ 0.45469141 -0.01239424 -0.58297819  0.11253322]
  [ 1.06277406  1.53514874 -1.75345242  1.51718402]
  [ 0.62604928 -0.56905103  0.34954244  0.47071436]
  [ 0.38494614  1.59245694 -1.35491824  0.15736981]
  [ 0.65353775  0.68380964 -0.77178538  0.63799083]
  [ 2.73501253  1.93317723 -2.25758815  3.3708303 ]
  [ 0.10176213  0.03163715 -0.7530126  -0.08853804]
  [ 2.3353672   2.66131878 -2.31430244  2.01580501]
  [ 3.30610681  3.42016172 -2.06333923  4.75675917]
  [ 6.49802732  8.95783424 -6.13253212  8.60960865]
  [ 3.82057881  5.24837017 -3.26089978  5.79123878]
  [ 1.64525723  1.69052315 -2.31161165  3.60768747]
  [ 3.53580308  2.98321009 -2.7039516   3.72900105]]]
ROIs.shape=(1, 32, 4)
 ROIs=[[[28 15  4  4]
  [19 33  3  3]
  [19  5  3  3]
  [19 34  4  2]
  [ 0  0  2  1]
  [ 0 22  3  4]
  [16 34  4  2]
  [ 6 34  4  2]
  [28  2  4  4]
  [10  0  3  3]
  [ 1 12  3  3]
  [ 0  7  2  3]
  [29 34  4  2]
  [22 34  4  2]
  [22 27  3  3]
  [ 8 34  4  2]
  [31  8  3  3]
  [32 31  3  3]
  [11 31  3  3]
  [31 29  3  3]
  [ 5 34  4  2]
  [ 1 10  3  3]
  [31 30  3  3]
  [23  0  4  3]
  [ 7 34  4  2]
  [31  7  3  3]
  [ 0 19  2  3]
  [33 21  3  3]
  [14  0  3  3]
  [ 3 33  4  3]
  [32 11  3  3]
  [ 4 34  4  2]]] 
P_cls.shape=(1, 32, 2)
 P_cls=[[[  6.82971068e-14   1.00000000e+00]
  [  0.00000000e+00   1.00000000e+00]
  [  0.00000000e+00   1.00000000e+00]
  [  0.00000000e+00   1.00000000e+00]
  [  2.19245553e-02   9.78075445e-01]
  [  5.78569577e-33   1.00000000e+00]
  [  2.62440553e-24   1.00000000e+00]
  [  2.33155039e-25   1.00000000e+00]
  [  1.74609106e-03   9.98253882e-01]
  [  2.02850728e-07   9.99999762e-01]
  [  0.00000000e+00   1.00000000e+00]
  [  0.00000000e+00   1.00000000e+00]
  [  2.70718579e-17   1.00000000e+00]
  [  8.98432686e-35   1.00000000e+00]
  [  0.00000000e+00   1.00000000e+00]
  [  8.69266795e-29   1.00000000e+00]
  [  6.40131434e-36   1.00000000e+00]
  [  0.00000000e+00   1.00000000e+00]
  [  0.00000000e+00   1.00000000e+00]
  [  5.34651316e-12   1.00000000e+00]
  [  2.88606082e-19   1.00000000e+00]
  [  0.00000000e+00   1.00000000e+00]
  [  2.56811118e-11   1.00000000e+00]
  [  2.40683779e-02   9.75931644e-01]
  [  1.12113152e-29   1.00000000e+00]
  [  1.02037042e-35   1.00000000e+00]
  [  0.00000000e+00   1.00000000e+00]
  [  1.36230261e-17   1.00000000e+00]
  [  2.89735690e-05   9.99971032e-01]
  [  0.00000000e+00   1.00000000e+00]
  [  0.00000000e+00   1.00000000e+00]
  [  1.90167013e-19   1.00000000e+00]]]
P_regr.shape=(1, 32, 4)
 P_regr=[[[  1.40911198e+00  -5.77114463e-01  -1.13149107e+00   1.17193055e+00]
  [  9.29630458e-01   1.60898983e+00  -2.28150916e+00   1.98407280e+00]
  [  2.37587428e+00   4.03146458e+00  -2.16283178e+00   3.65373731e+00]
  [  1.34472346e+00   1.95598817e+00  -1.72369182e+00   1.56860113e+00]
  [  4.66330200e-02  -7.42310643e-01   1.06752329e-01  -3.44012715e-02]
  [  2.19834256e+00  -4.54619497e-01  -4.15482074e-01   2.59680963e+00]
  [  1.37074721e+00  -4.00318429e-02  -4.98779953e-01   6.79816127e-01]
  [  6.31900370e-01   7.84048915e-01  -1.10805809e+00   2.21564665e-01]
  [  6.50883317e-01   1.36960652e-02   1.16590478e-01   6.73256099e-01]
  [  3.19724600e-03   5.42562827e-02  -4.34755057e-01   2.80119956e-01]
  [  5.34635115e+00   7.29408836e+00  -5.15531254e+00   6.68737602e+00]
  [  1.00182033e+00   1.86324596e+00  -2.66741085e+00   2.77588964e+00]
  [  3.14228296e-01  -1.33791212e-02  -6.64670050e-01   1.53612681e-02]
  [  1.85174453e+00   1.36763632e+00  -1.12272418e+00   9.91658568e-01]
  [  2.44164014e+00   2.54615045e+00  -2.17003179e+00   4.21917152e+00]
  [  1.10054147e+00   8.68337989e-01  -1.20174837e+00   5.33796072e-01]
  [  9.17019069e-01   1.67191589e+00  -2.28985167e+00   2.53234792e+00]
  [  2.20401454e+00   1.76374245e+00  -1.42378259e+00   2.64835119e+00]
  [  1.20969462e+00   2.38834667e+00  -2.12455964e+00   3.26713324e+00]
  [  2.60019958e-01  -1.50758237e-01   3.70609373e-01   7.30631590e-01]
  [  5.45053959e-01   3.83256376e-01  -8.33338141e-01   2.58419551e-02]
  [  4.93130493e+00   6.40316772e+00  -4.36586571e+00   5.73154926e+00]
  [  1.97047815e-01   9.08445492e-02   1.69292241e-01   3.99931192e-01]
  [ -3.27123463e-01   1.75726995e-01   1.02122612e-01   3.25886935e-01]
  [  9.86328602e-01   9.88976598e-01  -1.24763489e+00   4.99606252e-01]
  [  9.24230337e-01   1.77775252e+00  -2.19256592e+00   2.43816090e+00]
  [  1.72112298e+00   1.71097291e+00  -2.34011841e+00   3.25132084e+00]
  [  1.30456150e+00   7.65816331e-01  -1.41097784e+00   7.14096069e-01]
  [ -8.75658244e-02   1.05764799e-01  -2.37373039e-01   7.41389906e-03]
  [  3.64020085e+00   4.25527573e+00  -4.65254354e+00   4.15812397e+00]
  [  3.07530475e+00   2.94943523e+00  -2.24952054e+00   2.87743616e+00]
  [  1.15249169e+00   2.94874877e-01  -9.63572443e-01   1.24766670e-01]]]
ROIs.shape=(1, 32, 4)
 ROIs=[[[22 33  3  3]
  [32  7  3  3]
  [30 34  4  2]
  [22 25  4  4]
  [ 5  0  3  2]
  [10  3  3  3]
  [11  0  3  3]
  [ 0 30  3  3]
  [ 1 22  3  4]
  [23  1  3  3]
  [ 5 30  3  3]
  [31 10  3  3]
  [10  0  3  2]
  [20 27  3  3]
  [31 31  3  3]
  [25  1  3  3]
  [ 1 31  3  3]
  [32 20  3  3]
  [15  0  3  3]
  [29 13  4  4]
  [32 12  3  3]
  [ 4  0  3  3]
  [ 6  0  3  3]
  [31 33  4  3]
  [24 33  3  3]
  [14  1  3  3]
  [16 24  3  3]
  [23 26  4  4]
  [ 1  9  3  3]
  [29 27  3  3]
  [23 23  4  3]
  [10  4  3  3]]] 
P_cls.shape=(1, 32, 2)
 P_cls=[[[  0.00000000e+00   1.00000000e+00]
  [  0.00000000e+00   1.00000000e+00]
  [  9.61811401e-24   1.00000000e+00]
  [  4.33402107e-04   9.99566615e-01]
  [  5.53645485e-09   1.00000000e+00]
  [  9.36927170e-28   1.00000000e+00]
  [  2.98964548e-13   1.00000000e+00]
  [  3.37040782e-24   1.00000000e+00]
  [  0.00000000e+00   1.00000000e+00]
  [  2.99884832e-05   9.99969959e-01]
  [  4.86782337e-27   1.00000000e+00]
  [  0.00000000e+00   1.00000000e+00]
  [  2.60134362e-11   1.00000000e+00]
  [  9.55173477e-35   1.00000000e+00]
  [  2.64539464e-15   1.00000000e+00]
  [  4.27903268e-09   1.00000000e+00]
  [  0.00000000e+00   1.00000000e+00]
  [  2.53337835e-38   1.00000000e+00]
  [  6.60817250e-07   9.99999285e-01]
  [  3.18637900e-24   1.00000000e+00]
  [  0.00000000e+00   1.00000000e+00]
  [  9.41984823e-11   1.00000000e+00]
  [  7.30608640e-09   1.00000000e+00]
  [  6.73677320e-38   1.00000000e+00]
  [  1.84544555e-22   1.00000000e+00]
  [  4.49692020e-12   1.00000000e+00]
  [  0.00000000e+00   1.00000000e+00]
  [  1.27915868e-07   9.99999881e-01]
  [  0.00000000e+00   1.00000000e+00]
  [  6.20472136e-21   1.00000000e+00]
  [  0.00000000e+00   1.00000000e+00]
  [  1.60929392e-23   1.00000000e+00]]]
P_regr.shape=(1, 32, 4)
 P_regr=[[[  2.54821706   2.54687262  -2.22338033   2.85163689]
  [  2.58286071   1.96410358  -2.04491353   2.98433113]
  [  0.87551737   0.49461108  -1.10815454   0.53861225]
  [  1.34974957  -0.99255031   0.20010014   0.45501539]
  [  0.38451362   0.2146097   -0.40587682  -0.05371139]
  [  0.81737614   1.22900069  -1.54764616   1.66870284]
  [  0.18943809   0.7301321   -1.16819119   0.52681386]
  [  0.06793894   0.29046986  -2.01645494   2.24479675]
  [ 10.79192448  14.24820232  -7.81038046  13.52697468]
  [ -0.13470276  -0.73260766  -0.40851998   0.89510816]
  [  1.04670632   0.02777723  -0.40579715   2.62547708]
  [  1.92433429   3.55583763  -2.69464517   3.56648374]
  [ -0.07236443   0.25356925  -0.55668449   0.50284111]
  [  0.98447919   2.04020548  -1.78709447   1.94705749]
  [  0.26132894   0.18898278  -0.43535995   1.04947293]
  [ -0.18657009  -0.15810838  -0.79700005   0.72833455]
  [  6.71451712   8.71232414  -5.48784447   8.01704407]
  [  1.67137647   1.88717747  -1.17136049   2.19631028]
  [ -0.19526567   0.01943526  -0.25993657  -0.04696598]
  [  0.66142362   2.1710813   -0.72072935   2.17697191]
  [  2.77240443   2.67047739  -2.09101748   2.69081497]
  [  0.68618929   0.45255995  -0.71394366   0.2257895 ]
  [  0.06368889   0.36115655  -0.69052547   0.18350445]
  [  1.40897155   1.30731142  -1.59961963   1.90288579]
  [  0.58133483   0.58897322  -1.44248414   1.37111163]
  [  0.1506945   -0.05498164  -0.91981107   0.63612223]
  [  2.17855716   2.7654891   -2.84734654   3.63240361]
  [  0.4177767   -1.18815815   0.43546647   0.35055843]
  [  4.20989275   5.36071587  -3.63665056   4.85747862]
  [  0.88979167   0.31358323  -1.03844905   1.67289543]
  [  3.16737819   4.83926249  -3.07288837   4.63481045]
  [  0.90110362   0.5209204   -1.53048027   1.33956194]]]
ROIs.shape=(1, 32, 4)
 ROIs=[[[29  5  3  3]
  [21 34  4  2]
  [33 22  3  3]
  [ 4  1  3  3]
  [ 7 10  3  3]
  [29 28  3  3]
  [ 0 14  2  3]
  [ 9  0  3  3]
  [31 32  3  3]
  [12  1  3  3]
  [23 27  3  3]
  [20 34  4  2]
  [20  0  3  2]
  [ 0 18  3  3]
  [33 23  3  3]
  [13 30  3  3]
  [26  8  3  3]
  [ 0 31  1  3]
  [ 3  0  3  3]
  [20  0  3  3]
  [21  0  3  3]
  [33 17  3  3]
  [16  0  3  3]
  [ 5  1  3  3]
  [19  0  3  2]
  [ 1  3  3  3]
  [ 0  0  2  4]
  [31  1  3  4]
  [27  0  3  2]
  [31  3  3  3]
  [ 5  0  3  3]
  [21  8  3  3]]] 
P_cls.shape=(1, 32, 2)
 P_cls=[[[  8.33922598e-10   1.00000000e+00]
  [  0.00000000e+00   1.00000000e+00]
  [  9.03276786e-23   1.00000000e+00]
  [  2.90120081e-37   1.00000000e+00]
  [  1.10089449e-37   1.00000000e+00]
  [  2.45881961e-22   1.00000000e+00]
  [  3.20365518e-28   1.00000000e+00]
  [  6.34903301e-07   9.99999404e-01]
  [  7.22380728e-31   1.00000000e+00]
  [  2.88547368e-29   1.00000000e+00]
  [  0.00000000e+00   1.00000000e+00]
  [  0.00000000e+00   1.00000000e+00]
  [  4.51682979e-07   9.99999523e-01]
  [  0.00000000e+00   1.00000000e+00]
  [  5.60253832e-32   1.00000000e+00]
  [  0.00000000e+00   1.00000000e+00]
  [  1.06870287e-35   1.00000000e+00]
  [  2.34442778e-11   1.00000000e+00]
  [  2.13975339e-19   1.00000000e+00]
  [  2.50512344e-09   1.00000000e+00]
  [  3.53173740e-10   1.00000000e+00]
  [  0.00000000e+00   1.00000000e+00]
  [  9.55785066e-14   1.00000000e+00]
  [  7.01882928e-31   1.00000000e+00]
  [  2.98046489e-05   9.99970198e-01]
  [  0.00000000e+00   1.00000000e+00]
  [  4.81786202e-08   1.00000000e+00]
  [  3.19026617e-27   1.00000000e+00]
  [  1.76985420e-13   1.00000000e+00]
  [  1.43100768e-31   1.00000000e+00]
  [  6.89608271e-07   9.99999285e-01]
  [  1.22172306e-26   1.00000000e+00]]]
P_regr.shape=(1, 32, 4)
 P_regr=[[[  1.23949185e-01   1.04697011e-01   1.43081963e-01   1.01679039e+00]
  [  2.40608001e+00   2.06247449e+00  -1.60621333e+00   1.40698934e+00]
  [  1.40560007e+00   1.04472494e+00  -1.44251108e+00   1.12792742e+00]
  [  1.52516305e+00   2.59048986e+00  -2.23618531e+00   3.07403970e+00]
  [  1.21147990e+00   2.28947997e+00  -1.62720633e+00   2.17053747e+00]
  [  9.04109716e-01   1.46848977e-01  -1.24565792e+00   1.33474183e+00]
  [  6.02159262e-01   3.39877069e-01  -1.88378274e+00   2.55838108e+00]
  [  3.53934586e-01  -3.50290924e-01  -2.90123820e-01   1.72606334e-01]
  [  1.27741075e+00   1.76515353e+00  -9.39472854e-01   2.26613069e+00]
  [  1.15984154e+00   1.41864419e+00  -1.83877122e+00   1.53859651e+00]
  [  2.01957965e+00   1.82877803e+00  -8.74503374e-01   4.25753784e+00]
  [  1.97082162e+00   2.23198962e+00  -1.94474459e+00   1.62863255e+00]
  [ -5.90264164e-02  -2.88558811e-01  -3.34727019e-01  -1.59880873e-02]
  [  1.60063839e+00   1.33644664e+00  -1.54175639e+00   3.20791101e+00]
  [  1.86768818e+00   1.67975199e+00  -1.60289037e+00   1.43493390e+00]
  [  2.96571374e+00   2.30211782e+00  -2.11527896e+00   3.29813147e+00]
  [  1.30846012e+00   1.64085448e+00  -1.43859386e+00   1.90345383e+00]
  [  7.14870095e-02  -4.66551960e-01  -8.85670304e-01   8.09303522e-01]
  [  7.38894463e-01   1.39055717e+00  -2.33604503e+00   1.24939418e+00]
  [ -2.74801464e-03   1.47909701e-01  -5.45014799e-01   1.91667333e-01]
  [  2.38059625e-01   2.19820350e-01  -9.70688641e-01   4.19270843e-01]
  [  4.81146240e+00   5.04218626e+00  -3.86479497e+00   4.74073267e+00]
  [ -2.23189816e-02   2.17740044e-01  -7.88120091e-01   2.06910059e-01]
  [  1.16293073e+00   2.07720566e+00  -1.60100257e+00   2.54519606e+00]
  [ -1.58556681e-02  -4.10063356e-01   2.55226314e-01  -2.47606739e-01]
  [  6.71298933e+00   9.74537563e+00  -5.45949364e+00   8.75651073e+00]
  [ -4.74805199e-02  -1.75163031e-01  -5.16780317e-01   4.85025555e-01]
  [  8.25068951e-01   1.09362519e+00  -1.15064025e+00   1.14119542e+00]
  [  2.61065066e-01   1.73242986e-01  -4.21981275e-01   2.78039090e-02]
  [  6.10556245e-01   1.52124679e+00  -8.60612452e-01   1.73765707e+00]
  [  2.81748265e-01   3.32036048e-01  -2.10660234e-01   1.48521781e-01]
  [  6.34290934e-01   2.18153071e+00  -1.37287545e+00   1.80505621e+00]]]
ROIs.shape=(1, 32, 4)
 ROIs=[[[28  0  3  2]
  [12  0  3  2]
  [27  3  3  3]
  [27  5  3  3]
  [30 33  3  3]
  [ 1 19  3  4]
  [ 0 15  3  3]
  [32 13  3  3]
  [ 3  7  3  3]
  [18  8  3  3]
  [20  0 16 16]
  [ 9 33  3  3]
  [ 0  8  2  3]
  [ 1 17  3  3]
  [15 33  3  3]
  [ 7  0  3  3]
  [ 0 26  2  3]
  [ 6  0  3  2]
  [18  5  3  3]
  [14 19  4  3]
  [28 16  3  4]
  [19  0  3  3]
  [28  3  3  4]
  [19 31  3  3]
  [22  0  4  3]
  [18  3  3  4]
  [ 0 21  3  4]
  [ 7  0  3  2]
  [33 19  3  3]
  [32 30  3  3]
  [33 14  3  3]
  [15  4  3  3]]] 
P_cls.shape=(1, 32, 2)
 P_cls=[[[  5.71285423e-13   1.00000000e+00]
  [  6.02026719e-15   1.00000000e+00]
  [  9.52495438e-20   1.00000000e+00]
  [  2.31861159e-31   1.00000000e+00]
  [  5.23927515e-19   1.00000000e+00]
  [  0.00000000e+00   1.00000000e+00]
  [  2.00378127e-26   1.00000000e+00]
  [  0.00000000e+00   1.00000000e+00]
  [  0.00000000e+00   1.00000000e+00]
  [  0.00000000e+00   1.00000000e+00]
  [  1.88226153e-28   1.00000000e+00]
  [  1.19326682e-34   1.00000000e+00]
  [  5.71172389e-27   1.00000000e+00]
  [  0.00000000e+00   1.00000000e+00]
  [  0.00000000e+00   1.00000000e+00]
  [  4.32776068e-14   1.00000000e+00]
  [  0.00000000e+00   1.00000000e+00]
  [  4.64815582e-11   1.00000000e+00]
  [  0.00000000e+00   1.00000000e+00]
  [  9.36361013e-24   1.00000000e+00]
  [  0.00000000e+00   1.00000000e+00]
  [  2.14065977e-07   9.99999762e-01]
  [  2.24935156e-05   9.99977469e-01]
  [  0.00000000e+00   1.00000000e+00]
  [  2.67603574e-03   9.97323990e-01]
  [  0.00000000e+00   1.00000000e+00]
  [  1.83001442e-16   1.00000000e+00]
  [  1.49605487e-16   1.00000000e+00]
  [  0.00000000e+00   1.00000000e+00]
  [  8.72215492e-31   1.00000000e+00]
  [  3.13424924e-33   1.00000000e+00]
  [  0.00000000e+00   1.00000000e+00]]]
P_regr.shape=(1, 32, 4)
 P_regr=[[[  2.25488037e-01   6.45234808e-02  -3.30803007e-01  -7.36638010e-02]
  [  3.33860159e-01   4.86709505e-01  -9.12565887e-01   3.24052751e-01]
  [  8.77111793e-01  -1.30339652e-01  -1.55145967e+00   1.05869222e+00]
  [  9.89095569e-01   1.39936149e+00  -1.98830676e+00   1.57887828e+00]
  [  5.37511945e-01   2.16575772e-01  -1.58249998e+00   8.75932276e-01]
  [  7.66771126e+00   1.03618126e+01  -5.22455788e+00   8.75485516e+00]
  [  1.17418325e+00  -2.66897112e-01  -7.40281284e-01   1.86422598e+00]
  [  2.58256483e+00   2.50065994e+00  -2.10526657e+00   2.64514852e+00]
  [  2.81890368e+00   4.32357359e+00  -4.23661423e+00   4.69042921e+00]
  [  2.02839947e+00   2.55687761e+00  -2.07000422e+00   3.61292481e+00]
  [  1.16810989e+00   7.46084571e-01  -6.30661488e-01   1.47625363e+00]
  [  1.35312486e+00   1.25532806e+00  -1.61474872e+00   1.67428327e+00]
  [  4.03099418e-01   3.51703793e-01  -1.67729282e+00   1.56789231e+00]
  [  6.20780611e+00   8.24082279e+00  -4.73076248e+00   7.37441349e+00]
  [  1.65070868e+00   2.35926294e+00  -3.19173861e+00   1.59279561e+00]
  [  3.03952217e-01   4.95801389e-01  -1.44767058e+00   5.39943218e-01]
  [  2.09383368e+00   1.75505733e+00  -2.79310346e+00   4.43603230e+00]
  [  1.12390637e-01   2.20729053e-01  -7.02183902e-01   3.24282981e-02]
  [  1.29787517e+00   3.36571455e+00  -1.02115548e+00   2.93488312e+00]
  [  1.15647984e+00   1.06308162e+00  -1.01064825e+00   1.58353853e+00]
  [  2.26444721e+00   1.59356534e+00  -2.31721306e+00   2.47624207e+00]
  [  6.62125573e-02   6.88820109e-02   6.96079209e-02   5.67114241e-02]
  [  8.28528345e-01  -8.84155214e-01  -5.71825216e-03   3.37777346e-01]
  [  1.85772812e+00   2.19178009e+00  -2.40442681e+00   3.36420751e+00]
  [  2.17547208e-01  -9.33939144e-02  -8.23046789e-02   1.92197427e-01]
  [  1.78430057e+00   3.42243719e+00  -1.51478505e+00   3.09809971e+00]
  [  1.10884905e+00   1.01537907e+00  -9.89368558e-01   1.82846797e+00]
  [  3.53482634e-01   4.67300802e-01  -1.35323739e+00   6.06149077e-01]
  [  2.52871346e+00   2.80122805e+00  -2.27861881e+00   1.96028590e+00]
  [  1.48699391e+00   1.02574241e+00  -1.88976958e-01   9.87298608e-01]
  [  2.34421873e+00   1.86867774e+00  -2.23185420e+00   1.80929744e+00]
  [  1.41106069e+00   2.36417627e+00  -2.36093235e+00   2.71926856e+00]]]
ROIs.shape=(1, 32, 4)
 ROIs=[[[ 4 14  3  3]
  [ 3 27  4  3]
  [ 0 16  2  3]
  [ 0  6  2  3]
  [31 26  3  3]
  [ 9  0  3  2]
  [16 25  3  3]
  [28  0  8 16]
  [28  4  3  4]
  [17  0  3  3]
  [22  9  3  3]
  [31 28  3  3]
  [ 4 14  3  3]
  [ 4 14  3  3]
  [ 4 14  3  3]
  [ 4 14  3  3]
  [ 4 14  3  3]
  [ 4 14  3  3]
  [ 4 14  3  3]
  [ 4 14  3  3]
  [ 4 14  3  3]
  [ 4 14  3  3]
  [ 4 14  3  3]
  [ 4 14  3  3]
  [ 4 14  3  3]
  [ 4 14  3  3]
  [ 4 14  3  3]
  [ 4 14  3  3]
  [ 4 14  3  3]
  [ 4 14  3  3]
  [ 4 14  3  3]
  [ 4 14  3  3]]] 
P_cls.shape=(1, 32, 2)
 P_cls=[[[  0.00000000e+00   1.00000000e+00]
  [  0.00000000e+00   1.00000000e+00]
  [  6.01779080e-29   1.00000000e+00]
  [  0.00000000e+00   1.00000000e+00]
  [  9.69492069e-31   1.00000000e+00]
  [  1.27861428e-08   1.00000000e+00]
  [  0.00000000e+00   1.00000000e+00]
  [  8.67297115e-19   1.00000000e+00]
  [  1.85529456e-12   1.00000000e+00]
  [  3.69379872e-16   1.00000000e+00]
  [  2.99017592e-13   1.00000000e+00]
  [  2.22791585e-09   1.00000000e+00]
  [  0.00000000e+00   1.00000000e+00]
  [  0.00000000e+00   1.00000000e+00]
  [  0.00000000e+00   1.00000000e+00]
  [  0.00000000e+00   1.00000000e+00]
  [  0.00000000e+00   1.00000000e+00]
  [  0.00000000e+00   1.00000000e+00]
  [  0.00000000e+00   1.00000000e+00]
  [  0.00000000e+00   1.00000000e+00]
  [  0.00000000e+00   1.00000000e+00]
  [  0.00000000e+00   1.00000000e+00]
  [  0.00000000e+00   1.00000000e+00]
  [  0.00000000e+00   1.00000000e+00]
  [  0.00000000e+00   1.00000000e+00]
  [  0.00000000e+00   1.00000000e+00]
  [  0.00000000e+00   1.00000000e+00]
  [  0.00000000e+00   1.00000000e+00]
  [  0.00000000e+00   1.00000000e+00]
  [  0.00000000e+00   1.00000000e+00]
  [  0.00000000e+00   1.00000000e+00]
  [  0.00000000e+00   1.00000000e+00]]]
P_regr.shape=(1, 32, 4)
 P_regr=[[[  1.53387952e+00   1.55185997e+00  -1.87822652e+00   1.79880738e+00]
  [  4.69406414e+00   6.75412512e+00  -5.73330975e+00   7.42217112e+00]
  [  6.91448331e-01   3.73288959e-01  -1.55960858e+00   1.70837009e+00]
  [  2.30426908e+00   3.21302962e+00  -3.38657475e+00   4.78664398e+00]
  [  5.85840642e-01   2.27164578e+00  -1.12301600e+00   2.24689007e+00]
  [  2.29816929e-01  -5.43672219e-02  -3.99916708e-01   5.31267285e-01]
  [  2.67032933e+00   3.55176210e+00  -3.34120131e+00   4.57641125e+00]
  [  4.23981488e-01   9.89094153e-02  -7.45745063e-01   7.47064471e-01]
  [  7.78074741e-01   3.29992734e-03  -5.72108209e-01   1.10345554e+00]
  [  2.03362599e-01   4.97704268e-01  -7.64455318e-01   4.74033117e-01]
  [ -3.76682937e-01   3.64767045e-01  -7.49990523e-01   1.04455948e+00]
  [ -1.23784289e-01  -3.06877911e-01   4.50681418e-01   1.05830574e+00]
  [  1.53387952e+00   1.55185997e+00  -1.87822652e+00   1.79880738e+00]
  [  1.53387952e+00   1.55185997e+00  -1.87822652e+00   1.79880738e+00]
  [  1.53387952e+00   1.55185997e+00  -1.87822652e+00   1.79880738e+00]
  [  1.53387952e+00   1.55185997e+00  -1.87822652e+00   1.79880738e+00]
  [  1.53387952e+00   1.55185997e+00  -1.87822652e+00   1.79880738e+00]
  [  1.53387952e+00   1.55185997e+00  -1.87822652e+00   1.79880738e+00]
  [  1.53387952e+00   1.55185997e+00  -1.87822652e+00   1.79880738e+00]
  [  1.53387952e+00   1.55185997e+00  -1.87822652e+00   1.79880738e+00]
  [  1.53387952e+00   1.55185997e+00  -1.87822652e+00   1.79880738e+00]
  [  1.53387952e+00   1.55185997e+00  -1.87822652e+00   1.79880738e+00]
  [  1.53387952e+00   1.55185997e+00  -1.87822652e+00   1.79880738e+00]
  [  1.53387952e+00   1.55185997e+00  -1.87822652e+00   1.79880738e+00]
  [  1.53387952e+00   1.55185997e+00  -1.87822652e+00   1.79880738e+00]
  [  1.53387952e+00   1.55185997e+00  -1.87822652e+00   1.79880738e+00]
  [  1.53387952e+00   1.55185997e+00  -1.87822652e+00   1.79880738e+00]
  [  1.53387952e+00   1.55185997e+00  -1.87822652e+00   1.79880738e+00]
  [  1.53387952e+00   1.55185997e+00  -1.87822652e+00   1.79880738e+00]
  [  1.53387952e+00   1.55185997e+00  -1.87822652e+00   1.79880738e+00]
  [  1.53387952e+00   1.55185997e+00  -1.87822652e+00   1.79880738e+00]
  [  1.53387952e+00   1.55185997e+00  -1.87822652e+00   1.79880738e+00]]]
len(bboxes)=0
 bboxes={}
